37 29 20 13 21 30 39 14 22 38 15 46 47 43 45 55 5 12 19 44 26 17 50 31 23 42 25 24 54 63 52 59 6 53 60 51 33 4 3 58 57 41 40 18 61 62 9 56 11 49 34 16 10 2 32 48 1 8 0 7
19 18 37 11 26 43 42 29 3 49 30 34 33 22 25 24 51 31 21 60 32 50 23 38 46 9 10 15 58 47 59 14 39 45 53 44 13 2 55 57 48 52 17 41 20 54 8 63 61 1 12 4 5 6 7 40 0 56 62 16
26 34 44 18 17 45 10 43 42 8 54 25 24 46 52 59 47 51 61 53 50 20 12 41 40 62 58 38 63 55 60 9 19 4 31 11 2 16 29 39 0 49 5 6 56 48 57 23 15 3 37 22 7 13 30 21 1 33 14 32
19 20 13 12 45 14 6 10 15 26 4 43 33 29 44 46 38 11 50 17 34 21 52 5 54 47 25 53 60 24 1 61 62 55 8 3 22 31 42 23 51 30 2 59 58 18 7 49 40 41 9 56 63 16 39 32 48 0 37 57
37 45 53 43 26 18 42 20 51 50 21 59 19 41 17 11 4 12 5 25 34 3 48 44 58 6 52 57 49 32 24 10 1 16 33 22 30 38 61 9 29 46 39 13 15 47 0 60 2 31 40 55 7 54 56 14 8 23 62 63
37 29 21 43 34 41 19 38 50 51 42 13 44 58 49 57 48 10 22 33 45 15 30 53 56 40 60 20 62 52 46 39 6 11 3 25 59 26 17 4 5 24 18 47 31 32 54 2 16 12 1 23 9 55 61 8 63 14 0 7
26 18 10 34 42 43 52 17 24 50 58 61 29 9 44 16 0 19 11 1 25 3 2 51 12 30 60 37 38 13 5 20 8 59 22 53 54 32 14 15 21 46 55 45 62 33 31 47 39 6 7 23 40 4 41 49 48 63 57 56
44 43 26 19 18 33 51 37 30 10 9 8 29 59 17 31 0 24 23 52 2 46 58 42 53 11 60 15 34 41 55 25 16 50 1 21 12 38 32 3 49 40 22 20 39 4 14 62 7 13 6 47 5 54 45 63 61 48 57 56
19 34 45 11 26 18 9 17 3 20 25 21 13 6 44 16 42 43 50 33 29 4 8 49 41 58 2 22 57 46 47 24 14 12 37 48 56 32 23 38 51 54 63 59 5 62 52 61 10 60 31 40 55 53 30 39 7 1 0 15
19 34 45 20 21 29 38 14 41 11 13 6 2 3 5 30 18 48 39 54 42 49 37 9 53 31 7 10 26 46 23 61 52 25 56 50 4 51 59 22 63 44 58 1 62 33 47 43 16 57 12 55 32 17 0 15 8 60 40 24
19 34 41 18 37 20 10 48 33 45 49 29 26 50 54 53 13 12 4 63 59 43 51 9 38 6 11 2 17 31 57 21 14 32 22 7 44 8 46 39 15 5 0 1 25 42 3 56 24 16 61 60 55 58 62 47 52 30 23 40
37 45 26 29 44 43 52 51 38 30 34 33 20 18 32 60 17 25 9 40 48 46 42 0 53 16 31 23 47 50 8 19 21 13 15 62 10 54 58 41 5 2 39 6 59 24 12 22 49 11 7 57 56 61 4 14 1 3 63 55
26 34 41 18 44 48 42 29 21 50 17 45 10 20 33 22 37 25 53 61 13 2 38 4 14 43 23 15 5 24 49 57 40 39 46 54 30 32 16 7 11 12 19 9 58 6 56 52 1 8 60 31 62 0 47 59 51 63 3 55
26 18 19 34 9 12 20 0 25 32 5 4 24 11 3 16 10 1 43 17 44 13 22 37 2 50 51 42 45 52 58 14 29 30 31 57 8 33 15 38 40 6 47 59 61 46 55 60 23 54 63 62 21 48 49 39 7 41 56 53
44 43 42 29 19 26 17 50 30 18 51 34 33 25 58 49 16 20 37 38 39 40 48 8 21 41 24 10 1 45 53 32 0 9 2 59 60 22 11 57 23 14 13 15 56 54 63 52 31 62 7 3 4 55 12 46 47 5 61 6
44 43 26 45 51 42 50 20 53 18 33 61 19 41 32 58 17 9 21 24 49 25 34 12 29 22 14 40 4 7 54 11 30 63 52 60 46 31 57 59 23 37 38 39 62 13 10 3 1 47 6 0 5 2 8 48 55 15 56 16
19 18 37 29 21 20 9 43 34 38 22 15 39 17 30 47 12 33 10 2 51 50 1 26 3 4 25 11 41 14 59 8 13 42 7 57 23 24 49 40 44 58 55 46 45 52 0 54 53 31 48 56 6 63 16 32 5 61 62 60
44 45 26 34 43 42 41 20 52 40 12 59 50 25 54 38 24 29 60 18 46 11 4 57 30 53 61 31 21 47 58 10 51 2 22 13 37 63 3 32 56 62 55 39 9 8 33 16 5 6 0 23 19 17 48 49 1 14 7 15
44 43 26 19 12 11 34 29 10 25 21 53 30 20 37 14 50 4 13 46 15 31 45 54 61 3 47 57 2 7 33 40 23 41 39 52 16 5 51 38 22 24 48 63 17 42 62 8 32 58 9 18 60 1 59 55 56 49 0 6
37 45 53 54 44 52 63 55 62 29 47 42 34 61 46 26 38 31 20 12 43 51 41 49 50 60 11 33 19 59 17 13 56 39 18 48 23 16 40 10 5 21 8 24 25 0 22 4 30 15 7 6 14 32 3 2 57 58 9 1
