26 34 42 20 13 18 44 50 49 6 12 53 9 37 58 29 52 21 14 11 33 43 62 7 19 17 45 56 2 41 48 46 39 40 38 61 51 5 4 10 30 0 59 60 1 57 22 31 16 47 55 3 23 63 32 25 15 54 24 8
26 20 45 25 21 44 18 19 34 17 42 41 16 8 0 46 52 13 5 50 33 29 24 11 4 14 47 12 10 43 38 60 61 51 15 22 31 6 30 54 58 53 37 49 39 55 40 56 62 32 57 1 2 23 7 9 63 48 59 3
19 34 44 21 26 52 45 20 33 17 37 41 49 32 22 54 43 13 60 18 12 38 16 29 4 23 53 57 42 59 61 51 63 14 46 3 24 62 15 25 56 11 2 8 55 50 58 48 30 31 9 40 39 6 0 47 5 10 7 1
44 45 26 20 46 18 12 43 34 42 41 50 49 53 51 37 60 55 52 62 30 13 33 48 14 23 19 6 61 59 57 17 16 29 54 5 25 10 2 40 39 8 24 38 21 58 47 22 0 56 31 1 63 9 32 3 15 11 7 4
37 29 22 43 26 38 42 21 39 45 50 25 19 44 33 47 24 41 46 57 55 30 14 54 34 15 40 12 3 31 23 53 7 32 20 16 63 51 49 10 62 5 1 13 4 2 17 9 56 11 58 60 48 61 8 0 18 52 6 59
37 43 50 29 20 11 26 34 22 38 46 18 30 52 44 39 12 21 41 42 51 49 60 45 31 53 59 14 7 58 62 3 48 40 10 17 47 54 56 33 61 63 13 5 9 57 55 1 0 19 23 8 16 25 24 32 2 4 6 15
37 29 21 45 19 20 11 26 53 38 33 12 3 25 43 54 46 61 30 2 10 47 62 5 17 22 52 4 13 6 14 55 39 40 34 15 18 42 23 63 41 49 7 16 32 31 1 44 56 57 24 8 0 9 51 59 48 50 60 58
37 29 19 45 22 18 46 20 21 13 10 55 44 31 47 52 14 15 60 53 26 17 5 39 25 24 42 1 34 33 16 59 54 61 41 8 63 12 23 48 11 51 2 6 30 7 58 9 0 50 49 56 62 32 3 4 57 43 38 40
37 45 44 29 21 51 38 30 39 23 26 17 54 13 25 33 20 12 34 42 43 19 31 47 4 5 3 63 16 52 49 41 32 24 40 14 15 10 58 2 9 18 50 53 46 48 56 1 61 55 62 7 59 22 6 60 11 57 8 0
44 45 26 43 52 19 42 33 46 37 10 53 61 21 20 60 34 25 17 30 14 47 59 12 51 58 16 41 29 8 24 18 4 7 11 1 13 6 15 62 49 48 40 3 22 32 54 9 2 57 39 38 31 5 63 55 0 23 56 50
44 43 18 19 42 37 21 17 46 45 53 52 59 47 39 34 55 60 29 38 10 61 26 51 16 25 41 13 62 20 14 1 24 48 30 15 2 3 33 31 50 22 6 9 32 40 49 5 12 54 8 11 23 63 7 58 4 0 56 57
26 20 21 22 14 6 37 44 19 18 12 29 13 34 7 38 42 5 4 43 23 49 10 2 41 48 46 31 1 15 52 53 56 50 58 33 51 61 39 57 30 59 11 47 3 17 45 55 8 54 60 9 40 25 16 0 63 32 24 62
37 45 26 38 44 51 52 59 30 18 46 39 19 54 60 61 17 20 55 53 47 9 62 21 10 63 58 34 42 57 14 22 0 11 3 33 12 43 41 7 6 8 40 49 25 13 16 15 1 23 50 2 56 48 4 5 29 24 31 32
37 45 53 54 55 43 42 29 21 20 44 52 51 34 25 62 11 63 26 12 61 17 9 50 33 60 58 41 13 59 48 4 3 57 19 24 49 32 5 16 40 22 8 30 39 23 38 1 2 47 15 46 0 10 31 7 18 14 56 6
37 29 18 45 21 13 54 34 43 52 38 53 20 42 59 12 33 41 4 51 50 58 46 11 32 47 14 25 10 40 16 63 57 22 15 30 55 2 39 44 49 6 9 23 5 3 31 24 19 0 48 60 61 7 8 56 17 62 26 1
26 18 44 43 9 29 51 50 30 45 52 61 42 20 46 49 11 25 48 13 17 54 53 59 60 4 55 57 10 8 32 33 2 41 0 19 58 47 6 1 62 31 38 21 24 3 14 40 12 7 22 23 15 5 34 37 16 56 39 63
37 43 34 45 53 25 44 54 26 18 46 20 63 38 33 41 51 61 39 29 9 55 22 47 12 31 30 52 48 14 23 10 32 8 2 4 0 50 5 19 62 42 17 16 49 59 13 56 11 24 58 40 57 6 21 15 60 3 1 7
37 43 34 29 21 22 19 20 52 26 23 42 49 45 38 61 59 13 11 15 51 2 25 41 33 31 6 5 14 12 4 24 30 7 3 56 16 44 18 10 50 39 46 8 9 54 63 47 17 40 62 57 53 32 60 1 0 58 48 55
26 34 43 52 37 38 44 51 59 19 12 58 20 17 41 60 61 11 46 48 50 5 42 21 8 62 4 29 39 30 2 55 14 3 45 53 23 22 15 7 31 18 13 1 25 32 54 6 10 16 33 0 47 24 40 57 63 49 9 56
37 45 26 20 54 25 19 44 34 10 51 42 17 24 8 52 53 9 33 32 21 29 12 63 1 38 39 47 41 40 46 62 18 60 59 43 55 4 58 57 13 31 49 11 5 6 30 2 16 48 50 61 56 3 7 23 14 0 22 15
19 18 44 45 26 34 25 32 24 11 40 20 10 1 54 16 13 53 62 48 3 37 9 2 46 29 41 12 4 55 39 52 61 38 60 5 31 21 43 30 6 51 59 50 22 14 58 7 42 47 33 49 63 15 17 23 56 8 57 0
37 45 53 43 34 25 19 29 44 26 20 46 33 11 3 61 51 18 30 38 22 59 12 32 17 15 40 2 55 4 42 39 21 52 60 41 16 8 49 10 23 56 62 14 13 63 7 58 57 5 0 6 47 54 31 48 9 50 1 24
37 43 34 25 33 41 26 18 32 42 11 38 39 16 50 52 44 20 19 40 60 57 12 5 17 21 48 49 4 9 24 45 22 14 1 0 51 31 30 2 7 6 46 61 62 59 23 29 8 13 10 63 58 3 15 53 56 47 54 55
19 34 45 11 10 9 3 29 33 41 20 12 17 54 38 30 44 13 21 37 6 25 46 47 8 14 24 51 39 53 43 1 55 22 48 52 59 49 7 50 61 5 42 63 40 18 4 15 32 2 58 57 0 31 56 26 60 62 23 16
19 18 44 43 50 21 37 29 34 51 42 10 14 33 59 41 32 26 17 16 25 24 30 58 49 45 46 52 11 23 8 48 60 55 40 12 56 61 38 53 57 39 2 20 4 9 13 1 62 7 22 0 6 5 54 31 3 47 15 63
26 18 44 34 19 45 33 25 37 41 46 11 9 53 48 49 16 20 10 17 60 47 57 21 55 32 43 62 13 29 22 2 61 23 52 42 3 5 39 56 38 30 31 50 1 58 14 40 4 59 51 7 6 0 8 63 24 54 15 12
44 43 42 29 19 52 45 34 33 25 51 20 16 41 53 18 11 26 40 24 37 48 49 9 22 57 10 17 21 46 55 4 56 50 3 47 54 61 32 1 60 13 62 59 8 0 12 23 38 2 6 14 15 31 39 63 30 7 5 58
19 18 44 20 9 34 33 41 11 37 12 25 46 4 3 10 45 8 5 55 0 51 21 26 2 54 42 17 40 22 14 29 43 48 56 6 16 1 52 50 7 59 49 53 60 13 23 31 62 30 58 61 47 63 15 39 38 57 24 32
26 20 45 42 34 25 50 54 21 22 13 18 24 58 41 19 44 52 63 40 59 46 14 43 49 57 48 56 38 29 23 7 5 32 51 53 9 55 30 39 31 60 62 10 17 1 3 2 0 11 47 12 37 15 4 6 33 61 8 16
37 45 19 18 44 20 53 29 21 43 11 22 13 54 42 2 31 6 5 4 26 23 3 34 15 52 14 30 7 49 25 17 46 39 10 12 33 38 51 58 63 55 1 16 60 41 9 59 48 0 62 47 40 32 8 50 57 56 61 24
19 18 26 34 44 37 46 53 41 38 30 20 10 48 33 43 50 29 13 31 49 39 22 51 52 25 17 15 62 45 32 60 59 42 47 8 54 12 56 40 16 6 61 57 23 63 4 5 58 24 0 11 2 3 9 55 7 21 14 1
44 29 22 30 19 42 34 52 21 18 26 20 17 25 50 49 60 45 46 14 23 53 54 13 6 12 56 5 32 47 39 16 10 3 8 9 2 7 4 15 24 11 0 41 37 57 1 51 31 61 40 43 59 58 38 48 33 62 55 63
44 43 42 45 37 41 49 26 18 19 10 11 52 53 54 63 46 50 25 38 4 57 31 62 29 9 12 51 60 24 0 21 34 47 30 22 39 17 61 33 32 58 16 1 55 20 23 59 48 15 2 40 56 13 5 8 14 6 7 3
37 29 22 30 19 15 21 26 20 44 33 45 53 25 31 54 23 12 46 52 43 34 61 40 24 47 50 39 32 41 51 58 10 11 42 38 5 62 60 13 49 16 6 4 63 17 3 57 14 55 18 9 56 59 8 0 7 48 1 2
44 43 18 37 30 21 42 52 14 34 26 23 61 9 45 20 13 33 10 25 0 53 29 54 19 11 16 8 1 38 55 41 46 47 22 12 17 31 2 60 51 39 32 4 15 58 49 6 59 40 50 63 3 48 7 5 56 57 62 24
26 18 19 20 37 25 21 22 14 6 9 10 17 11 1 16 8 29 7 46 15 30 33 13 31 38 39 42 23 34 2 45 51 3 5 41 49 47 44 48 24 0 4 12 43 50 55 53 60 52 61 59 56 57 58 62 40 32 54 63
19 34 42 20 21 12 26 25 13 18 33 6 37 40 11 4 24 50 51 52 58 38 3 14 46 5 39 32 53 10 43 61 9 29 7 16 44 57 30 41 48 49 60 0 62 45 8 54 47 31 17 56 23 15 59 55 63 22 2 1
26 34 44 37 41 19 38 42 20 18 9 10 1 29 21 11 33 24 43 46 55 51 12 39 40 4 13 52 50 53 17 8 59 2 22 23 31 16 15 6 3 60 61 7 45 62 54 48 56 58 49 30 32 25 5 14 0 47 63 57
19 20 13 34 37 38 44 53 42 26 46 49 25 16 41 17 33 21 29 30 60 12 45 55 9 52 50 62 61 8 59 58 43 40 10 2 31 3 51 54 4 5 32 47 48 22 15 18 39 14 0 23 57 56 63 24 7 1 6 11
44 45 37 29 20 19 38 31 54 52 51 13 43 21 30 50 58 63 12 5 49 48 59 39 11 18 61 2 23 34 57 60 47 46 3 42 40 62 6 14 56 4 22 26 33 7 10 41 55 24 15 9 32 17 16 25 8 0 1 53
19 34 43 18 33 41 26 25 48 42 37 21 9 40 24 16 8 51 44 45 50 12 46 38 11 3 17 49 29 53 39 55 52 56 60 61 57 0 2 47 4 31 54 63 22 30 1 5 13 58 59 15 20 14 62 10 6 32 7 23
44 43 50 45 46 20 26 25 19 52 59 10 37 60 51 55 17 49 58 9 57 34 30 38 29 21 40 56 12 14 54 53 42 47 39 22 8 48 11 41 31 13 23 3 61 1 63 18 16 24 33 15 7 6 5 4 32 0 2 62
26 18 44 29 20 25 34 45 10 33 38 17 42 11 12 22 16 3 8 2 19 32 41 47 37 46 39 5 15 52 4 21 59 50 14 60 61 43 49 23 30 56 51 7 1 0 57 9 53 48 40 54 55 24 62 58 31 63 13 6
26 34 44 37 41 52 43 19 29 33 45 30 25 46 17 48 23 32 22 31 60 53 21 12 39 9 16 14 2 47 55 18 24 50 7 61 38 15 11 4 62 63 3 13 6 20 40 5 56 10 8 59 1 51 54 0 42 49 58 57
44 45 37 43 52 53 34 59 26 42 54 19 50 33 24 41 61 30 18 20 51 32 12 17 23 21 10 3 48 63 58 11 60 8 16 57 56 9 55 40 22 62 49 47 4 13 6 46 39 5 2 14 0 38 15 25 31 7 29 1
19 34 45 11 18 25 10 37 17 53 43 52 38 39 46 29 42 41 49 47 4 20 44 2 16 26 62 50 1 0 61 48 22 30 40 9 12 32 24 51 55 54 23 21 14 5 58 15 60 33 31 13 7 6 8 57 63 3 56 59
26 18 10 25 45 29 22 9 24 32 0 11 12 16 34 42 30 19 43 41 15 44 53 21 2 17 40 48 13 62 46 47 52 1 33 60 20 14 4 31 37 5 3 50 54 23 49 63 58 56 8 7 57 59 61 51 38 6 39 55
44 29 22 43 18 52 45 37 59 60 51 15 30 34 14 21 12 7 42 19 11 31 39 38 46 3 23 20 33 55 26 54 5 47 62 6 53 50 63 32 61 2 25 24 49 58 17 48 4 10 13 57 56 41 1 9 16 8 40 0
26 34 42 33 45 21 29 50 58 51 44 60 14 49 56 37 43 53 24 41 46 17 61 39 52 62 18 20 55 19 54 59 10 47 57 2 40 32 12 63 38 48 3 11 31 22 13 8 16 9 0 25 1 30 23 5 6 15 7 4
26 34 42 20 45 44 37 25 19 41 21 29 48 49 38 10 51 53 56 13 62 11 17 52 33 8 5 6 43 61 7 63 3 57 14 58 18 31 12 22 50 15 30 23 16 4 9 1 47 39 60 40 2 59 46 55 54 0 24 32
26 34 44 37 41 33 43 52 51 17 25 50 46 38 8 16 45 9 53 19 31 18 42 24 30 32 11 54 62 47 39 4 20 21 40 61 0 49 63 1 10 2 60 59 55 29 57 48 3 23 12 13 56 5 58 22 14 7 15 6
19 20 21 34 43 18 37 45 41 12 17 30 5 4 13 44 11 6 54 10 52 51 3 33 46 48 14 61 26 2 9 23 15 8 24 25 53 55 40 1 60 7 42 22 39 58 29 50 49 31 56 57 32 47 0 59 63 62 38 16
26 18 37 43 34 25 24 38 44 51 41 20 13 32 21 16 10 33 52 17 39 19 50 48 9 6 8 0 12 2 49 57 14 22 42 60 59 30 11 58 45 31 29 53 46 54 40 4 56 47 61 62 7 15 55 63 3 23 5 1
37 43 34 29 19 33 44 20 30 22 42 51 59 52 12 21 24 58 60 45 15 49 50 53 41 25 40 23 14 6 31 13 18 17 10 61 4 9 57 48 26 39 8 0 46 2 11 54 56 47 5 3 63 16 38 62 55 1 32 7
44 43 18 21 50 52 29 42 13 58 34 22 30 20 12 26 19 17 57 51 53 37 25 23 33 40 46 41 48 5 49 55 38 45 59 61 60 11 14 32 16 9 6 47 4 56 8 31 3 10 39 24 0 15 7 1 54 62 63 2
37 29 21 45 53 22 44 13 19 42 30 39 49 43 14 61 23 18 17 52 60 41 5 59 26 31 51 34 38 10 62 15 46 54 3 7 55 16 6 58 40 2 33 63 20 50 8 24 32 11 1 25 9 56 4 0 12 48 57 47
44 29 22 43 42 45 21 50 46 30 37 52 38 31 23 15 14 7 13 55 57 26 51 34 18 9 20 19 11 41 12 17 54 49 48 5 4 53 60 62 10 25 33 58 59 39 47 40 56 3 16 8 6 32 24 61 63 1 0 2
26 34 41 17 45 21 18 44 16 8 25 19 37 48 43 32 24 52 29 51 61 54 0 22 46 42 14 38 9 10 47 13 15 53 11 31 30 7 58 3 33 50 59 39 12 6 55 63 40 1 20 2 62 5 56 60 23 4 49 57
26 20 13 34 42 33 21 6 24 32 5 18 25 22 11 2 43 50 29 9 4 51 19 12 57 44 0 16 3 38 45 37 23 17 31 14 7 58 49 41 48 15 40 53 46 56 1 30 62 10 60 52 59 8 39 47 54 63 55 61
19 20 21 34 43 50 41 33 42 32 51 18 40 13 37 22 23 48 5 52 57 49 26 25 60 38 45 11 39 6 24 29 53 15 12 61 17 9 58 47 44 10 46 62 56 59 63 3 8 54 0 16 30 2 1 55 4 31 14 7
26 18 19 34 43 44 29 21 33 45 53 11 13 25 10 1 4 12 5 14 17 24 9 0 46 20 2 22 6 32 8 62 60 51 15 3 31 47 50 38 30 52 42 59 54 57 49 23 16 63 37 61 41 58 55 7 39 48 40 56
37 29 20 45 46 38 34 12 39 18 19 33 4 47 42 21 30 31 11 13 17 23 54 3 32 44 22 15 52 53 14 6 61 62 7 16 55 10 9 43 63 60 2 49 41 1 5 25 56 26 59 57 24 51 0 40 48 8 58 50
26 18 37 25 19 12 9 10 11 4 5 13 24 43 21 0 3 38 44 51 52 14 8 61 46 30 59 32 15 45 22 20 54 17 16 50 60 1 49 47 40 34 62 48 57 6 42 39 56 2 29 53 31 63 33 7 55 23 58 41
44 45 19 18 37 11 9 46 21 51 3 34 55 20 53 10 58 2 33 4 1 29 5 61 13 42 12 26 60 52 17 0 25 59 62 14 49 32 38 16 23 56 43 47 22 63 40 7 31 48 54 41 6 50 24 57 8 15 30 39
44 29 18 26 22 53 34 30 52 43 20 45 42 15 46 39 31 21 54 37 38 51 23 60 47 14 58 62 7 9 61 19 63 33 17 6 0 12 25 50 4 59 11 5 55 24 49 16 41 56 10 8 3 13 57 40 2 1 48 32
19 20 45 34 21 29 18 44 52 26 22 42 25 16 43 37 24 15 23 60 59 9 61 13 49 51 7 17 8 46 14 41 12 6 11 10 1 0 5 53 2 32 3 4 40 30 62 56 54 63 58 31 39 38 55 50 33 48 57 47
19 34 41 21 37 42 20 38 50 10 14 43 39 13 6 40 49 22 29 59 11 12 9 57 52 44 23 3 26 7 30 33 25 8 56 60 58 46 47 51 54 5 61 24 16 48 31 53 0 17 4 15 32 18 62 45 2 1 63 55
26 34 42 18 10 9 44 2 19 45 46 43 51 20 13 52 37 25 41 40 21 14 1 54 17 0 7 11 53 12 5 61 3 50 59 47 29 15 55 62 57 63 32 22 4 6 23 39 33 8 16 30 38 58 48 24 49 60 31 56
26 34 41 19 42 48 33 43 12 29 37 21 50 3 14 25 40 13 30 49 58 31 32 38 22 6 18 51 47 45 53 10 11 16 17 61 60 9 24 59 39 57 8 46 55 2 44 63 56 1 15 52 54 62 20 5 4 7 23 0
44 45 46 54 37 38 47 29 62 55 22 51 26 52 53 39 31 20 13 63 43 60 19 10 61 11 12 25 2 23 1 5 18 59 33 17 8 21 50 3 24 32 4 30 9 40 41 49 34 0 14 15 7 48 57 16 6 42 58 56
26 18 10 29 19 34 42 17 30 33 40 49 8 9 58 20 37 25 24 38 21 14 0 12 43 31 41 32 5 50 39 48 46 1 7 2 3 45 57 22 23 11 13 6 52 16 51 61 15 59 60 55 47 44 56 54 63 53 62 4
44 29 18 42 34 43 41 9 21 13 19 33 24 52 51 20 25 58 6 32 17 11 37 16 59 26 0 38 3 1 2 5 61 10 30 50 49 56 46 23 60 48 31 47 14 45 55 22 40 54 15 12 57 7 39 62 63 53 4 8
37 45 26 20 54 46 12 19 47 4 11 18 3 63 25 55 38 33 62 44 53 10 41 2 51 32 17 52 60 50 42 24 59 40 9 16 43 49 29 30 8 61 5 21 14 34 31 7 22 15 48 56 6 57 39 58 13 1 0 23
19 18 44 11 9 43 42 45 26 33 24 50 46 47 10 41 49 25 51 0 52 57 3 12 40 29 30 22 17 2 58 4 56 16 1 34 15 61 60 37 38 53 54 62 8 39 13 20 31 59 55 32 21 48 5 23 63 6 14 7
37 29 20 13 19 44 45 18 10 53 26 34 12 25 43 5 32 52 6 7 38 24 42 21 54 47 30 23 61 62 14 22 16 59 51 46 11 3 31 33 17 9 8 60 40 39 4 2 1 0 49 56 58 41 50 48 15 57 55 63
26 18 19 20 9 0 10 34 12 1 42 33 44 49 56 37 30 53 2 17 8 3 32 43 21 25 45 52 24 38 46 54 63 55 59 60 11 39 41 57 58 16 40 29 47 48 5 13 22 51 50 14 4 31 61 62 15 23 6 7
37 43 18 29 51 26 22 45 17 9 21 30 1 34 42 38 46 8 25 10 2 50 52 24 57 11 0 13 4 23 31 15 3 5 14 61 16 58 20 60 41 40 33 7 12 56 19 32 48 44 59 47 62 63 6 49 53 54 39 55
37 43 18 29 30 20 50 46 44 34 12 19 25 52 38 31 23 51 22 21 61 53 54 42 13 45 49 5 3 59 26 55 62 4 6 17 11 48 39 41 60 16 57 47 40 2 24 33 9 14 15 56 8 10 1 58 63 32 0 7
44 29 18 26 22 53 34 42 20 37 50 12 62 30 23 45 13 11 54 33 40 6 41 63 21 39 55 61 46 48 38 15 56 59 5 32 14 52 58 9 19 47 10 51 24 25 7 57 8 3 60 2 17 0 43 49 4 16 31 1
26 34 44 37 43 52 51 17 46 38 42 54 18 19 53 58 11 20 39 50 62 45 10 12 8 61 60 25 59 21 41 49 32 3 33 31 4 55 23 24 14 40 2 5 16 30 29 13 6 15 7 0 63 1 57 56 9 48 47 22
44 43 50 45 26 20 29 34 42 25 24 41 49 57 11 13 18 16 32 22 54 17 38 30 10 2 59 48 56 58 12 4 3 47 51 52 53 40 60 37 31 63 1 39 19 9 46 8 55 62 33 0 5 23 14 15 6 21 61 7
26 20 45 42 44 25 12 54 34 21 46 19 63 33 18 53 13 11 29 22 43 14 62 30 49 50 4 48 10 47 32 16 17 8 57 61 60 9 7 52 2 40 24 3 39 58 6 15 55 56 5 41 37 23 59 51 1 0 38 31
44 29 18 26 17 42 34 25 16 41 50 49 48 40 33 10 30 58 59 56 51 52 45 43 3 37 9 1 8 20 53 61 11 60 24 21 14 2 38 4 57 39 22 31 13 32 12 7 23 15 54 55 63 5 46 19 62 0 47 6
19 34 44 20 12 29 33 45 37 13 53 61 14 6 22 18 11 4 17 15 54 21 62 31 38 3 60 52 2 9 47 1 25 10 23 43 5 55 8 16 51 39 41 49 30 0 26 50 46 7 59 63 24 42 57 40 48 56 32 58
26 20 21 34 42 43 13 41 52 14 50 33 45 12 29 61 51 59 4 60 32 37 48 25 44 38 6 3 57 5 54 58 2 56 17 63 30 16 46 19 49 47 53 31 55 62 22 23 15 7 39 40 10 8 18 24 11 1 9 0
26 20 13 18 34 25 10 43 45 29 41 17 38 33 24 48 52 6 11 30 49 12 42 56 22 54 63 37 44 46 51 39 4 19 53 31 21 59 58 55 62 50 47 15 57 1 23 14 60 16 9 32 40 0 5 8 3 7 2 61
26 34 41 18 42 50 44 29 21 14 59 53 43 49 52 45 46 57 10 61 56 33 32 40 60 2 37 24 13 51 15 22 31 47 58 5 20 54 12 38 62 6 30 55 17 11 9 4 48 0 8 39 25 19 3 16 23 7 1 63
37 45 19 18 53 34 26 20 10 17 25 33 41 21 11 46 9 61 54 8 22 32 55 24 42 49 52 4 3 0 40 38 30 2 57 47 62 51 43 44 50 63 39 14 31 48 56 12 13 23 15 6 7 29 5 58 16 60 59 1
26 18 10 25 19 29 45 11 30 54 34 9 20 38 16 31 13 32 37 21 39 6 5 46 3 12 23 41 43 4 52 24 33 2 62 55 0 47 14 51 42 63 17 8 40 61 53 22 50 15 44 58 60 48 7 59 57 56 49 1
26 34 41 21 43 42 45 33 29 49 25 20 11 16 22 37 18 13 44 4 24 23 12 51 15 30 9 31 60 10 8 19 2 59 5 1 50 58 0 7 56 3 53 40 14 61 38 46 48 47 32 39 55 63 57 54 52 17 62 6
44 43 26 45 50 17 52 37 29 59 61 21 38 31 39 18 22 47 46 55 9 10 8 20 30 13 12 42 11 34 19 41 25 23 14 5 48 0 1 24 54 62 58 32 40 51 57 16 6 33 49 56 4 2 3 53 63 7 15 60
44 45 37 29 30 42 22 31 34 15 50 43 51 38 19 52 53 10 11 18 46 20 39 59 9 55 26 49 61 1 47 62 21 25 58 17 14 12 56 7 4 5 13 23 6 41 2 48 63 3 0 57 32 33 8 54 24 16 60 40
19 18 44 20 11 52 37 34 25 17 43 32 61 60 12 46 26 33 16 41 29 51 42 8 50 59 49 3 57 48 56 30 58 21 40 10 4 24 31 13 2 39 55 53 14 45 54 6 22 1 38 63 0 62 9 47 7 15 23 5
44 43 42 29 22 30 38 52 53 51 20 13 50 37 12 15 19 58 45 57 59 11 46 47 14 60 49 54 62 55 21 39 23 41 4 34 10 6 7 9 18 2 31 17 1 0 8 16 61 26 25 3 56 32 33 48 63 40 5 24
26 20 45 25 21 54 12 44 42 13 5 6 37 11 17 29 33 24 63 10 38 43 34 46 51 62 9 31 39 50 2 59 55 19 18 53 22 16 4 3 61 14 41 15 60 32 30 8 58 49 23 1 56 57 7 52 0 47 48 40
44 29 22 45 46 43 26 34 42 18 9
37 45 19 34 42 18 17 11 44 38 46 9 39 25 33 29 10 3 22 54 1 24 12 51 63 43 16 55 52 26 41 21 58 15 47 61 30 49 4 5 59 31 13 2 57 60 20 0 23 32 40 14 62 56 53 48 50 8 7 6
26 34 42 20 37 44 13 17 52 49 43 53 41 30 18 12 45 48 11 46 38 29 54 6 21 39 22 23 50 47 32 57 5 33 56 61 8 51 63 55 40 14 62 3 25 24 59 4 15 16 60 58 2 31 9 10 19 0 1 7
44 29 18 42 22 26 34 41 20 9 0 37 46 52 49 17 45 30 21 54 39 15 23 1 63 31 7 50 43 11 58 59 33 48 57 13 5 53 12 55 16 47 61 6 38 56 62 10 14 4 3 8 2 51 25 60 19 24 40 32
44 43 26 19 12 29 51 50 20 59 22 45 54 46 57 62 63 41 52 38 60 15 49 34 58 61 32 56 42 40 53 55 48 11 47 39 18 4 2 3 31 33 25 10 9 0 37 30 21 14 1 17 16 8 6 7 13 24 5 23
37 45 26 29 46 18 53 34 30 22 21 54 23 15 62 31 25 32 44 63 39 43 55 14 51 38 33 42 41 52 10 58 19 61 7 6 13 20 5 9 8 47 50 24 17 3 11 2 16 12 59 49 60 1 40 4 56 57 0 48
37 45 53 29 18 44 43 26 34 61 62 51 21 22 23 41 58 46 60 59 42 9 50 25 47 33 24 54 55 19 49 52 10 15 20 16 30 56 48 2 17 13 0 57 38 8 14 40 5 31 1 12 7 6 4 11 3 32 39 63
44 43 26 29 45 25 50 51 20 57 58 52 38 59 60 13 42 30 17 34 31 9 41 22 4 40 12 61 24 21 1 33 37 8 53 5 6 19 10 39 11 18 23 32 16 14 46 47 62 63 0 7 15 3 54 55 49 2 48 56
19 20 45 10 12 21 11 13 5 37 3 44 17 26 29 46 34 30 54 2 31 18 55 4 42 41 1 6 9 16 14 22 40 43 23 39 51 15 8 7 24 52 33 25 59 60 61 63 53 32 38 49 48 62 57 50 47 56 58 0
37 29 22 45 19 34 43 18 33 51 17 11 54 38 31 32 4 63 53 9 44 3 1 62 10 8 42 52 58 21 46 20 61 26 14 15 30 47 59 13 50 39 55 49 16 12 24 60 56 25 23 41 7 5 0 6 40 48 57 2
44 45 26 34 42 52 60 18 37 25 9 43 38 39 32 0 46 49 30 53 41 51 58 48 61 22 17 19 29 24 33 62 16 40 1 50 55 8 21 54 23 2 63 20 12 3 47 15 11 10 31 13 4 14 56 5 6 7 57 59
26 34 41 33 25 20 43 51 44 42 52 53 37 17 60 48 18 59 13 46 49 16 21 57 58 19 24 6 12 10 11 4 8 9 54 45 39 47 50 22 30 31 32 38 1 55 3 0 61 2 62 40 56 14 29 23 63 5 7 15
19 20 37 44 21 38 39 30 52 51 50 58 53 42 22 34 41 12 43 23 57 54 55 56 29 26 11 62 14 60 3 32 33 5 6 7 59 17 13 31 18 2 49 45 8 25 46 9 16 63 1 24 61 15 40 4 47 0 10 48
37 43 26 38 51 20 29 34 25 19 44 41 45 30 12 53 33 59 50 32 62 57 31 18 42 5 60 21 14 23 15 13 39 58 54 61 10 9 22 11 24 46 4 49 56 40 48 3 8 17 6 55 63 1 52 7 16 2 0 47
44 43 42 51 26 33 40 19 49 25 12 29 59 50 37 34 18 38 46 53 17 16 41 20 21 54 47 39 31 57 11 22 62 2 55 52 8 5 60 0 56 48 30 9 4 13 32 3 23 24 6 7 1 15 58 63 10 14 45 61
26 18 44 29 20 43 38 21 42 53 13 22 45 50 34 37 10 51 31 19 58 11 4 33 54 17 16 2 62 46 12 47 39 49 3 5 14 55 57 52 25 15 23 7 56 24 6 41 8 9 30 59 60 61 32 63 1 40 48 0
37 45 26 38 46 18 44 34 9 20 17 51 33 47 54 32 31 61 52 10 58 0 30 21 3 60 63 23 19 25 53 11 29 39 8 43 12 4 5 16 42 62 55 50 24 13 15 41 40 2 57 22 14 48 1 6 7 49 56 59
19 18 37 45 53 20 21 29 9 17 10 2 16 43 44 26 42 50 33 49 1 24 56 46 32 34 25 22 40 48 11 8 54 30 38 13 0 61 51 39 52 41 14 60 55 7 5 58 23 4 59 63 12 57 62 15 3 47 31 6
44 43 34 41 42 51 26 25 40 37 59 52 53 61 60 50 33 45 16 20 30 29 21 18 46 24 62 14 13 54 7 23 49 39 55 19 11 57 9 58 56 3 2 8 4 47 12 32 17 0 1 63 31 5 6 22 38 48 15 10
37 45 44 29 19 18 30 10 11 34 20 21 9 39 54 26 12 5 23 46 25 51 3 2 1 13 14 4 33 6 47 43 58 32 42 50 49 52 60 55 16 22 41 0 15 40 24 56 17 7 48 59 61 57 38 53 8 31 63 62
26 20 21 22 14 18 30 43 19 25 24 7 44 11 17 38 3 45 42 9 23 4 1 49 51 60 54 16 46 12 52 62 41 34 47 10 50 32 13 5 63 53 6 55 59 2 37 39 29 0 48 33 61 58 31 15 57 40 8 56
37 45 53 38 39 43 18 19 42 46 54 9 29 30 50 61 11 10 21 57 8 31 60 59 23 34 52 62 44 20 33 1 51 25 58 32 63 22 15 3 14 6 2 13 56 41 55 47 16 4 7 12 17 26 24 49 5 0 40 48
26 20 45 25 18 11 17 54 37 44 21 8 24 32 42 30 9 16 39 1 53 29 63 51 38 31 13 14 23 19 52 47 12 49 34 15 10 55 60 46 50 59 56 41 48 4 22 33 3 57 61 5 7 6 58 43 2 62 40 0
37 43 50 21 18 26 19 12 14 30 25 51 44 57 10 9 59 45 46 58 41 29 5 47 11 17 39 42 24 7 55 20 34 48 0 4 22 33 49 8 16 56 23 32 52 53 60 54 2 1 62 38 31 15 13 6 40 63 3 61
26 34 44 20 19 18 41 37 25 52 45 17 29 54 51 24 10 53 16 8 61 11 21 33 32 46 63 38 12 42 0 48 40 9 43 1 30 55 47 59 58 13 2 39 6 60 50 5 62 49 14 3 57 15 23 7 4 22 31 56
26 18 19 34 42 44 25 21 10 17 41 24 45 11 14 3 8 43 52 53 33 60 1 9 50 51 49 58 32 29 2 38 61 59 20 0 37 30 47 12 57 31 4 62 54 48 23 46 13 40 16 39 56 7 15 6 5 22 63 55
37 43 18 19 34 46 20 29 51 26 17 10 3 9 1 2 38 33 11 30 31 8 54 0 40 44 45 12 25 63 52 60 5 32 61 23 16 58 42 55 59 24 47 22 53 62 39 13 21 14 4 6 7 15 48 41 50 49 57 56
19 34 44 53 52 20 26 60 42 41 33 11 29 32 43 51 40 22 49 50 62 46 30 24 16 18 25 48 4 8 10 21 57 37 58 39 54 3 23 2 17 31 1 14 13 6 55 38 45 56 15 61 5 12 47 9 0 59 7 63
37 45 19 18 53 34 43 54 17 50 33 29 63 32 44 10 41 52 21 24 20 55 1 49 48 22 9 46 11 25 47 4 42 51 61 3 26 40 59 12 13 6 15 2 8 60 57 16 0 56 58 39 62 30 5 14 23 7 31 38
44 43 42 51 34 33 26 37 59 21 24 20 25 49 19 58 29 60 52 41 14 30 46 17 16 11 3 22 57 6 15 18 10 40 61 32 12 9 31 4 0 23 53 54 13 2 38 1 48 55 39 7 47 62 8 45 50 5 63 56
37 43 34 41 26 38 46 18 25 54 52 32 9 29 19 61 21 20 45 12 22 23 11 13 31 17 59 4 16 30 8 51 48 53 44 42 47 40 50 56 39 55 33 49 5 3 15 7 10 24 58 1 0 60 2 14 62 57 6 63
19 18 37 11 10 45 53 29 3 46 17 61 21 34 30 31 55 20 39 22 14 38 23 6 26 2 12 5 7 4 1 47 13 8 42 33 16 63 52 49 54 43 0 15 59 62 25 9 41 40 56 32 44 24 48 51 60 50 57 58
37 29 22 30 38 45 43 23 53 21 15 46 26 60 13 52 54 34 41 39 42 25 31 18 33 12 9 49 50 55 40 19 57 11 47 7 16 58 63 20 32 24 3 4 61 10 1 51 44 62 17 48 5 0 14 56 2 8 59 6
26 20 21 34 12 29 30 4 3 17 13 18 41 42 44 19 5 45 33 40 16 6 11 25 43 2 14 7 15 37 54 22 23 24 38 10 8 0 48 51 50 49 59 52 1 39 57 32 53 62 9 58 61 56 63 46 60 31 55 47
37 29 22 42 19 21 43 44 20 14 51 46 38 52 49 34 53 26 13 11 2 30 47 60 15 59 31 39 58 7 45 56 6 57 33 54 50 32 10 12 62 1 24 61 48 63 17 25 40 5 9 55 16 8 4 3 18 41 0 23
44 43 42 29 22 49 41 37 45 51 58 30 38 47 26 40 46 52 56 34 53 60 50 23 59 62 33 20 13 18 9 55 31 32 24 6 19 61 21 54 63 39 4 48 57 11 3 15 14 2 12 25 17 16 1 8 10 5 7 0
26 20 45 42 12 37 49 4 38 56 34 41 19 44 51 54 5 29 21 60 30 18 58 13 33 52 57 6 59 10 14 39 63 43 61 32 40 25 1 48 31 11 24 46 47 23 17 9 16 8 15 7 0 50 22 53 3 62 2 55
19 20 37 18 13 45 34 29 9 33 54 6 46 17 10 1 42 11 21 55 5 49 56 30 26 63 7 25 53 50 8 60 2 4 58 43 23 41 0 12 61 38 3 16 31 22 32 40 59 24 39 14 15 44 62 52 47 57 48 51
44 45 37 29 20 51 52 11 58 43 46 59 34 26 54 30 50 47 19 10 23 62 17 42 21 13 60 8 22 18 25 57 16 61 6 15 38 9 53 12 63 31 5 41 3 4 33 24 39 1 40 14 2 55 32 48 7 0 49 56
19 20 37 44 21 34 42 26 45 11 41 14 43 46 29 50 57 13 18 53 62 60 3 48 54 51 55 17 32 49 22 40 52 2 33 39 38 4 25 56 7 16 58 15 5 63 1 61 31 47 24 23 30 12 6 59 8 9 10 0
19 20 45 42 34 26 21 12 49 30 41 37 4 3 14 5 29 23 39 44 18 22 38 46 31 10 47 56 52 17 11 13 15 54 50 53 9 58 55 2 51 63 62 43 57 61 59 40 60 1 32 6 0 8 16 24 7 48 33 25
19 20 45 26 18 34 12 13 42 17 9 4 25 33 32 29 21 8 37 0 6 11 16 14 22 53 30 40 38 51 48 43 61 24 2 39 46 3 10 31 1 60 52 54 41 56 59 44 62 55 50 5 49 15 47 58 63 7 23 57
26 34 41 17 43 29 22 51 52 33 32 53 59 48 61 30 8 45 49 25 19 14 15 57 16 18 6 24 31 10 37 0 1 54 20 40 47 21 11 63 55 4 3 50 46 42 13 5 58 39 38 12 44 60 62 7 56 23 9 2
37 43 50 21 18 19 11 44 29 26 51 59 14 41 17 3 57 49 12 53 52 30 45 60 13 9 58 38 40 33 54 42 1 63 31 39 23 15 47 56 20 8 22 55 6 0 10 61 25 24 48 4 32 46 62 5 16 2 7 34
37 45 44 29 38 52 20 26 53 13 59 30 11 21 18 60 17 46 61 42 22 34 47 2 5 55 41 54 43 40 62 51 4 12 31 9 10 14 48 33 50 39 19 3 63 8 15 23 16 57 32 1 25 24 0 49 56 7 58 6
19 18 26 20 11 2 13 21 29 6 3 22 14 15 9 34 12 25 1 5 45 44 24 33 42 17 7 4 30 40 52 49 23 38 37 31 32 43 47 41 51 58 59 10 50 0 57 16 53 46 54 61 39 62 8 60 63 56 55 48
19 34 45 37 44 11 18 51 33 32 29 46 43 25 9 21 53 52 41 42 17 24 38 39 54 20 13 49 2 3 57 16 26 56 4 60 62 48 30 22 14 23 8 47 10 7 50 61 31 12 6 1 15 40 59 5 0 58 63 55
26 20 45 42 34 41 49 43 29 44 48 54 13 22 38 56 52 33 63 37 50 39 31 15 30 6 18 46 4 25 47 59 19 10 40 62 51 57 60 32 2 1 53 58 24 14 21 17 7 3 16 12 11 61 5 9 8 23 0 55
19 34 44 20 43 52 21 18 53 22 26 37 41 54 61 25 17 50 62 51 13 9 59 57 31 32 10 5 38 58 11 30 56 45 60 2 49 48 16 39 63 12 1 46 29 0 3 55 6 42 33 40 4 14 24 23 7 15 47 8
26 34 41 18 20 42 45 21 43 19 10 48 37 44 51 59 58 11 4 38 50 33 12 3 60 1 17 52 46 57 31 24 22 23 40 55 5 61 14 39 9 53 49 29 13 0 56 6 62 2 8 54 15 32 25 30 63 7 47 16
19 18 26 34 45 21 25 54 11 10 9 2 63 3 43 8 14 29 17 42 0 16 24 51 50 32 22 58 41 30 37 7 60 59 1 38 12 53 52 5 49 20 57 33 44 23 13 48 39 31 4 55 62 61 46 47 40 56 6 15
44 43 42 29 20 50 51 13 19 34 33 18 26 32 6 12 4 5 10 37 58 3 11 25 46 59 17 22 60 45 53 61 14 55 62 15 39 47 38 7 52 9 54 30 40 31 21 63 2 57 41 24 49 48 56 1 8 16 23 0
26 20 13 12 21 14 6 18 19 33 11 34 45 22 41 49 42 3 48 43 15 25 30 29 44 51 57 39 37 23 2 1 50 10 24 46 5 56 47 7 17 9 60 59 58 53 54 62 63 55 0 61 38 52 40 8 4 32 31 16
37 29 21 43 50 38 42 51 26 57 59 52 39 33 45 14 41 19 18 53 30 23 12 22 44 49 56 46 25 24 31 20 54 32 40 62 58 47 63 60 17 8 13 3 61 9 1 4 6 15 7 0 11 48 34 2 16 5 55 10
44 43 42 45 29 51 34 37 46 41 19 20 59 50 32 52 18 40 49 11 3 47 38 2 4 10 13 21 54 55 33 12 1 58 56 24 17 53 25 6 5 14 30 0 15 16 60 61 63 26 39 48 57 22 7 9 8 62 23 31
19 20 21 12 37 18 9 30 11 26 10 8 3 29 34 41 4 43 1 17 23 31 38 39 47 22 42 49 13 5 16 25 33 44 46 54 14 6 61 45 52 60 48 0 50 51 55 40 7 57 53 56 15 58 59 32 24 62 2 63
44 45 37 29 30 31 46 42 21 53 43 13 41 49 38 51 22 23 54 55 18 39 34 20 47 48 61 26 15 7 17 25 24 14 50 59 5 12 60 58 11 2 56 32 19 3 16 52 63 33 62 40 10 9 57 8 0 1 6 4
19 20 21 34 45 14 33 44 7 26 18 9 42 12 43 54 10 52 0 22 5 3 13 41 23 30 4 24 50 59 37 2 40 16 51 39 53 29 55 61 38 49 62 17 48 57 58 60 1 32 56 47 46 63 25 6 11 8 15 31
26 20 45 44 53 25 37 54 46 38 31 34 63 52 29 30 39 62 24 22 42 18 12 32 16 41 40 13 19 48 56 10 4 43 11 6 14 9 21 23 33 5 51 49 50 47 8 2 1 59 17 58 3 0 61 60 57 55 7 15
44 29 20 45 26 11 37 18 19 34 3 38 12 51 52 59 43 21 47 31 54 13 46 4 5 30 39 63 33 6 7 14 17 22 61 60 58 32 41 42 23 25 16 9 1 24 49 0 53 48 2 8 40 50 57 56 10 55 62 15
37 45 19 20 29 22 12 11 54 53 3 55 46 38 39 44 21 26 52 18 14 51 62 4 30 63 58 7 5 61 17 13 6 31 34 16 60 15 23 43 10 47 42 50 59 33 25 24 41 49 32 40 9 8 56 57 2 1 48 0
19 18 44 11 3 4 17 43 20 21 26 12 51 25 30 9 37 2 10 22 23 59 0 38 34 42 32 33 41 53 52 45 39 16 50 58 61 29 13 46 47 15 49 8 31 55 24 14 7 62 5 40 1 57 54 6 56 60 48 63
37 43 26 38 44 19 30 33 18 17 9 10 42 46 8 23 2 51 12 1 29 20 3 0 55 4 21 54 40 16 52 45 49 24 39 59 50 58 41 48 53 63 62 47 25 61 57 34 56 14 7 22 15 32 11 31 60 5 6 13
44 45 46 54 62 52 53 63 37 20 51 60 55 39 61 58 38 43 18 34 59 47 19 29 30 50 25 17 57 41 42 21 26 33 22 23 32 31 15 7 14 12 16 8 5 10 2 24 0 9 1 56 11 49 40 48 3 4 13 6
19 34 42 20 33 10 21 29 11 49 1 18 13 2 37 22 23 26 25 43 51 16 44 50 58 30 56 5 31 41 24 0 40 38 12 32 47 9 6 39 17 15 45 4 3 57 7 54 46 48 62 63 61 59 8 14 53 60 52 55
44 29 19 43 30 45 50 20 13 57 54 22 53 10 14 15 11 46 52 3 1 37 12 4 42 2 58 18 5 41 51 38 6 59 25 9 8 62 34 33 55 61 21 16 32 39 31 26 47 7 24 40 48 17 60 23 49 0 56 63
37 29 18 26 21 44 34 17 25 30 9 33 31 16 52 11 38 39 40 2 0 41 49 14 45 48 43 61 20 10 19 8 42 12 32 51 7 57 50 46 4 22 60 23 56 13 5 6 55 53 62 3 58 59 1 24 47 63 15 54
26 20 37 34 12 45 33 29 30 23 44 32 46 53 43 39 40 19 21 25 11 51 62 52 55 5 59 10 4 50 6 54 42 24 22 18 41 3 9 38 1 8 16 7 0 58 47 49 63 14 61 17 56 48 57 60 2 31 13 15
44 29 22 43 34 42 50 37 26 57 52 19 30 31 58 13 45 33 11 46 24 40 55 12 17 10 5 59 3 18 15 51 9 20 41 32 48 53 61 2 23 62 21 8 49 14 7 54 4 47 63 6 16 25 1 60 39 38 0 56
19 18 17 29 37 43 34 41 33 25 50 38 22 21 20 52 39 47 30 57 46 45 44 10 26 31 2 12 51 13 61 8 23 53 54 42 4 14 16 60 0 1 5 15 59 58 24 55 32 49 63 40 7 11 3 9 48 6 56 62
26 18 37 43 44 25 50 29 19 45 17 52 24 20 61 11 46 55 30 38 13 53 31 39 21 32 47 9 8 23 40 57 12 22 2 3 10 1 16 33 54 42 41 5 58 62 0 34 6 49 48 14 15 7 4 51 59 56 63 60
44 29 21 43 42 13 14 15 22 30 5 52 7 50 19 11 45 49 41 32 59 51 20 54 60 37 48 56 33 6 57 12 4 61 26 58 31 10 38 23 3 46 63 40 1 39 53 55 47 34 62 25 18 2 9 17 8 0 24 16
19 20 29 22 30 38 45 43 12 18 51 54 47 34 25 13 42 46 26 24 61 59 14 63 52 10 21 6 15 5 31 39 9 55 17 44 4 23 50 3 33 37 7 32 53 58 40 16 57 56 8 60 41 49 62 11 1 2 48 0
37 43 18 19 42 41 51 60 10 9 49 20 33 29 22 38 39 15 21 45 26 47 8 25 23 40 55 34 59 48 11 1 17 52 7 56 54 24 50 31 2 63 61 44 0 57 12 58 32 30 46 5 16 62 13 6 4 53 14 3
26 18 19 34 44 20 9 21 41 53 29 33 25 38 30 10 47 32 1 49 48 45 42 37 24 23 40 31 54 50 59 0 11 12 13 14 52 58 5 60 51 43 2 6 16 39 15 7 22 46 62 8 17 55 61 3 57 4 63 56
37 45 53 38 44 29 39 46 21 30 19 60 31 13 52 42 5 10 20 12 1 18 54 22 26 55 63 11 2 6 62 3 14 7 59 0 47 61 23 51 50 25 49 34 24 16 33 17 8 40 9 58 43 15 57 32 56 4 41 48
19 34 41 11 10 21 20 9 22 29 3 13 6 15 43 12 1 33 30 49 31 50 17 23 45 8 32 39 59 25 51 14 18 42 0 38 5 16 46 53 48 40 37 26 24 47 54 61 4 7 44 2 60 62 63 58 52 57 56 55
37 43 42 29 21 34 26 14 50 49 44 25 19 51 18 52 56 48 57 11 7 53 24 41 9 38 46 22 32 20 13 40 31 12 30 39 2 10 33 15 17 8 16 58 1 23 47 0 4 3 62 54 5 45 61 6 60 63 55 59
44 43 34 29 52 50 37 42 26 60 53 18 21 62 25 17 33 32 61 40 58 30 22 51 38 39 47 31 54 55 49 45 63 12 23 41 10 11 24 46 19 16 3 13 4 5 20 59 14 57 6 8 56 1 48 9 2 7 15 0
19 18 17 9 1 43 44 21 37 29 42 38 20 13 34 52 46 33 24 16 26 2 3 25 30 49 45 53 11 31 12 32 60 62 39 47 8 22 54 0 15 59 41 48 5 61 63 40 57 55 10 56 23 50 58 51 4 14 6 7
26 18 37 45 53 29 21 34 9 14 42 46 20 49 39 19 11 10 41 55 43 3 17 16 25 30 57 24 47 48 2 44 40 56 63 8 23 38 4 51 12 62 59 50 5 52 58 13 6 32 54 22 0 15 61 1 31 7 33 60
19 34 42 50 41 40 49 18 37 48 17 43 56 57 52 26 33 25 24 20 51 38 39 59 21 53 58 16 32 29 22 46 45 13 30 23 61 10 11 54 63 62 14 7 12 60 9 2 1 44 4 5 47 55 15 3 8 31 6 0
19 34 45 21 41 37 38 10 1 42 20 39 44 53 54 33 46 18 52 55 26 43 50 17 12 51 40 2 9 29 30 8 0 11 3 14 25 5 63 24 13 62 47 23 22 57 61 31 6 7 15 48 4 32 58 59 16 60 56 49
26 18 37 25 9 11 17 45 44 34 46 53 19 29 33 55 20 24 22 40 16 12 62 43 50 60 13 51 61 21 42 52 59 10 3 1 47 49 0 58 32 6 48 39 5 54 8 23 14 4 7 63 15 56 31 30 41 38 2 57
37 43 50 45 34 29 18 44 53 42 26 9 20 58 22 51 0 33 46 61 40 38 49 32 59 55 25 52 24 21 41 23 15 56 47 7 30 19 11 57 63 16 62 54 14 48 17 12 13 31 39 10 1 2 8 60 6 5 4 3
44 29 22 30 38 31 19 42 34 14 15 13 49 10 12 4 26 20 1 56 11 6 50 25 43 52 53 57 21 5 45 37 51 47 17 59 58 62 7 18 46 8 41 39 9 40 48 0 3 33 23 60 55 2 24 54 32 16 61 63
37 45 19 20 21 18 34 22 12 29 26 25 44 33 30 11 32 38 31 40 9 52 10 2 23 0 60 4 5 41 39 46 3 13 50 49 17 59 54 42 57 15 43 61 6 16 48 7 8 51 58 55 62 1 47 63 53 56 14 24
37 45 44 43 52 21 38 46 54 39 19 11 42 29 3 55 30 49 12 47 50 58 57 51 56 13 14 63 22 41 62 48 53 60 33 34 59 25 24 20 32 31 26 17 9 5 6 8 61 10 1 18 40 23 4 0 2 7 15 16
26 18 10 25 24 9 44 11 4 29 8 42 34 43 30 22 45 16 50 19 20 17 32 52 51 53 41 58 14 15 57 40 38 1 33 6 59 31 54 47 37 13 0 61 62 63 2 21 49 56 12 48 46 5 23 39 60 3 55 7
44 43 18 37 42 34 41 19 21 51 52 33 58 9 32 48 49 59 46 55 50 53 26 57 0 10 45 38 56 25 16 24 2 1 20 8 54 63 29 3 30 31 47 40 22 14 13 17 7 5 4 23 39 11 12 6 15 60 62 61
37 45 19 18 17 29 21 43 42 13 26 20 22 14 50 49 4 25 38 39 48 9 44 23 0 1 15 53 54 51 61 11 12 7 52 6 10 59 46 30 60 57 8 34 47 41 24 3 33 63 55 2 5 58 56 31 40 16 32 62
44 29 18 43 30 9 37 31 51 46 19 45 22 14 20 58 59 13 15 34 12 4 5 6 11 10 41 26 52 33 25 50 57 24 54 60 61 48 0 62 17 56 42 8 63 32 16 49 38 55 3 39 2 23 7 53 40 1 21 47
37 43 50 51 26 17 42 41 49 59 52 44 45 21 40 60 34 48 25 20 14 33 18 32 13 11 2 38 58 4 8 7 22 30 53 16 31 12 9 0 19 54 3 23 5 10 61 39 24 1 56 57 46 6 55 47 29 63 15 62
19 34 41 18 17 21 20 33 25 11 44 32 26 45 40 49 3 9 14 53 54 13 52 63 29 62 55 37 30 12 0 48 8 51 57 46 5 47 50 58 59 24 39 31 38 4 10 6 7 61 60 56 42 43 22 15 23 1 2 16
19 20 13 10 11 42 44 3 1 9 2 29 22 6 8 17 21 12 25 52 18 32 5 0 37 15 26 24 7 45 54 14 23 33 16 38 40 48 51 43 30 4 60 31 46 59 50 34 41 57 61 39 49 62 55 53 47 56 58 63
19 34 43 52 41 18 61 48 25 29 20 32 22 10 21 37 17 13 1 11 46 15 5 38 42 44 49 4 40 54 45 6 2 9 31 12 56 53 3 39 33 16 14 26 24 7 55 62 8 51 23 50 30 60 57 0 63 58 47 59
44 43 42 51 34 33 26 21 20 45 40 24 49 56 58 12 50 41 37 46 38 39 47 57 30 54 32 22 52 53 19 10 13 59 14 55 1 17 5 6 15 7 61 3 29 4 60 48 11 23 9 8 25 18 63 62 2 16 31 0
44 43 34 29 37 25 18 19 50 57 32 16 42 46 30 9 26 33 55 49 17 38 1 21 39 31 51 0 24 52 59 2 8 40 14 7 20 47 22 13 6 63 45 12 58 53 56 23 61 60 11 5 62 4 15 41 3 48 10 54
26 34 42 18 10 20 13 9 19 12 8 41 17 1 11 50 21 14 37 6 43 44 52 16 25 61 48 46 58 4 60 51 59 57 15 3 45 5 22 32 24 38 29 0 30 31 40 23 39 33 7 2 49 56 47 54 62 63 53 55
26 34 44 20 42 52 37 25 16 41 43 49 61 24 50 8 40 51 18 29 12 53 21 33 59 19 57 38 60 22 13 17 56 6 23 45 11 30 14 48 58 32 54 2 3 5 47 46 1 55 15 7 0 10 9 4 63 31 62 39
26 34 44 20 18 37 41 33 13 6 46 10 25 53 45 30 29 39 51 54 2 19 23 22 62 48 63 17 24 52 32 40 14 9 56 50 12 42 21 1 3 38 55 11 59 61 5 16 15 4 60 47 8 0 31 58 57 43 49
44 45 37 43 53 29 18 46 30 19 52 62 20 59 51 21 61 50 34 23 57 41 31 11 58 12 3 9 49 26 47 42 0 39 32 5 17 14 38 8 22 56 15 48 4 60 25 2 54 33 24 13 7 40 10 6 16 1 55 63
19 18 37 45 53 54 44 43 17 11 51 38 26 25 63 58 20 62 39 30 50 12 3 42 13 55 29 22 23 47 32 9 46 10 8 5 61 14 34 31 57 1 2 33 4 52 24 49 16 15 7 56 0 21 41 40 48 59 60 6
44 29 19 26 37 12 25 43 34 33 22 45 18 30 52 50 11 3 5 60 38 31 10 16 21 9 42 20 57 14 54 53 15 58 59 51 49 13 8 56 47 63 46 2 23 39 40 32 55 61 24 41 17 7 48 4 6 0 1 62
26 18 10 29 45 44 21 17 34 13 8 9 43 51 19 25 58 2 33 32 42 11 12 53 14 60 40 7 37 20 49 16 24 56 50 30 4 57 38 22 48 54 52 5 62 1 46 0 3 59 23 63 6 55 39 31 47 41 61 15
19 34 45 20 26 37 13 6 42 10 38 25 16 24 1 50 33 41 49 29 21 57 5 30 18 12 56 53 58 9 22 44 11 39 8 59 51 3 48 0 47 46 43 60 17 32 14 52 31 2 4 23 62 55 61 15 40 54 7 63
19 34 43 18 33 41 44 20 26 51 10 52 49 1 13 12 21 32 53 42 5 25 17 40 3 57 58 59 48 45 56 54 63 8 9 50 37 24 62 2 0 29 60 61 46 6 22 55 4 38 11 16 31 47 30 39 7 15 23 14
44 29 19 26 37 43 34 53 20 21 18 33 62 45 22 25 32 13 54 17 51 15 6 46 52 5 12 40 8 16 4 0 31 60 11 23 14 39 41 49 38 24 61 58 30 42 56 47 9 63 55 10 1 50 2 48 7 59 3 57
19 20 13 10 21 37 38 12 11 14 7 26 18 43 50 25 2 44 5 4 17 57 34 33 32 22 29 46 9 42 45 1 15 40 53 3 51 6 39 31 24 49 41 54 55 8 0 48 30 63 23 47 58 59 60 62 61 16 52 56
19 34 43 18 17 50 37 29 51 52 33 10 59 45 41 42 53 57 49 25 54 61 38 46 26 8 47 11 21 44 3 14 9 22 48 4 7 58 30 63 60 13 24 39 20 55 31 12 56 15 23 32 6 16 62 2 1 0 5 40
37 43 26 19 42 25 44 51 17 29 12 9 8 52 30 41 1 11 53 45 49 31 24 56 23 13 21 33 50 46 48 14 54 57 3 22 55 10 15 59 60 6 39 40 7 4 34 18 32 0 5 61 20 47 58 38 63 2 62 16
19 34 41 18 17 33 20 49 44 21 37 13 22 11 4 29 48 26 32 14 15 3 12 8 2 40 16 6 42 10 56 31 1 53 43 30 46 39 5 24 55 38 25 54 47 7 62 60 52 51 0 23 50 45 63 59 61 9 58 57
37 43 50 38 29 45 44 42 49 30 20 34 41 11 12 18 39 25 52 51 2 58 26 60 21 19 17 46 54 13 53 22 16 31 33 47 23 63 55 15 6 62 14 32 24 5 4 10 40 59 3 48 57 56 61 1 9 8 0 7
37 29 21 43 34 30 52 46 45 14 7 44 39 59 47 25 42 51 60 38 19 18 17 41 32 31 20 61 50 58 33 40 53 26 48 54 23 13 12 10 22 24 11 16 1 3 2 0 9 4 49 15 6 55 5 57 62 56 8 63
19 18 17 34 43 20 25 33 29 10 3 30 41 51 21 12 5 9 0 26 59 52 42 16 37 32 50 48 39 22 14 15 23 60 45 54 63 11 44 49 24 61 62 7 57 1 2 56 53 8 6 46 4 58 47 13 40 55 38 31
19 20 37 44 51 18 11 52 17 2 53 43 34 46 21 25 38 16 39 22 10 61 14 59 23 45 42 9 0 31 41 8 54 47 4 33 32 50 55 12 1 49 29 15 62 30 5 63 40 60 13 6 57 26 7 48 3 24 56 58
19 34 41 11 44 29 20 21 22 23 13 38 18 12 30 48 2 6 42 26 47 39 15 43 50 49 32 7 5 55 31 4 57 3 63 51 10 1 52 45 58 37 60 9 25 14 56 33 46 16 8 53 59 61 40 54 62 17 24 0
37 43 42 29 21 38 46 34 30 39 45 31 22 12 20 44 50 49 25 52 18 54 47 13 14 51 59 58 62 19 10 33 3 55 48 60 41 1 4 16 2 56 32 15 26 5 57 11 23 17 7 63 6 40 9 24 61 8 53 0
19 34 44 37 30 18 17 21 12 9 1 11 26 52 29 22 10 2 60 43 51 0 3 25 33 32 23 45 41 49 53 50 16 8 40 4 42 48 59 13 57 38 14 54 61 7 39 20 5 46 58 6 56 62 63 24 31 47 55 15
37 29 18 45 22 44 43 21 14 34 52 15 42 59 53 50 41 13 57 61 38 32 20 9 62 33 7 63 30 51 40 39 23 49 26 12 46 24 19 17 25 31 16 54 60 6 0 58 3 5 55 8 47 10 1 11 2 48 4 56
44 29 19 52 45 10 59 60 53 46 30 26 34 38 31 42 47 37 20 43 49 21 13 51 58 39 41 25 61 62 33 22 17 8 11 57 48 23 1 40 24 55 50 3 12 56 54 63 14 5 15 4 6 2 18 16 0 9 32 7
26 20 45 25 18 44 32 24 43 53 61 11 13 50 29 21 17 52 14 34 42 62 10 54 33 30 19 41 31 6 59 49 40 22 48 58 60 2 63 12 46 9 5 37 51 4 38 56 57 47 8 39 7 55 1 16 23 3 0 15
26 20 29 22 44 34 19 37 41 48 12 51 43 17 25 13 42 18 14 24 11 4 40 6 46 50 5 45 10 32 58 47 59 1 2 9 0 49 30 57 21 52 16 31 33 60 7 15 38 23 54 8 56 55 3 62 53 39 63 61
37 29 21 30 22 12 13 14 31 39 18 26 7 44 38 9 5 15 0 20 6 23 19 10 17 24 47 3 2 11 52 60 25 8 51 1 4 42 16 53 34 45 61 46 58 43 59 33 41 50 54 32 48 55 63 62 49 57 40 56
26 34 44 20 19 52 13 18 17 12 11 4 41 10 53 25 3 21 5 2 24 42 43 48 30 14 51 50 1 59 37 45 60 54 46 39 29 9 33 38 8 61 15 6 7 32 58 16 31 57 49 56 55 23 40 47 22 62 63 0
26 20 45 44 21 22 43 54 29 38 13 5 63 19 10 52 61 25 46 42 17 62 37 53 47 34 33 55 12 40 11 16 39 2 3 30 60 51 15 31 24 41 6 58 23 14 1 32 50 18 57 4 8 9 49 59 48 7 56 0
19 34 43 20 25 11 13 21 45 41 12 52 50 37 44 51 48 49 53 46 42 58 10 59 38 4 47 5 6 7 29 22 61 40 57 26 18 31 54 55 3 2 23 14 33 32 24 17 1 56 9 8 39 15 30 0 63 16 62 60
19 34 43 50 41 20 21 32 45 11 2 22 51 44 13 58 53 33 23 14 48 30 59 26 25 5 17 42 49 37 29 3 12 24 31 9 18 1 15 40 4 62 52 60 61 54 47 6 0 38 46 63 57 8 55 10 16 56 39 7
44 43 18 19 10 9 26 11 34 25 3 53 50 21 52 37 0 4 20 12 14 45 30 60 16 24 51 29 62 39 42 2 17 59 46 8 58 13 31 49 40 56 61 7 33 32 1 38 47 54 5 22 23 48 41 6 63 55 57 15
37 29 20 45 38 31 47 13 11 21 18 19 14 17 30 44 51 26 52 15 8 16 24 3 9 42 2 33 25 53 6 5 40 59 4 0 10 60 23 1 39 55 12 7 22 46 54 62 43 32 61 41 58 50 63 34 49 56 48 57
44 29 18 26 21 45 46 34 37 14 25 20 19 11 10 9 2 13 42 3 4 33 17 24 43 53 52 49 12 61 7 51 59 5 38 60 8 55 47 58 16 31 30 39 54 1 62 23 6 0 22 63 56 40 32 50 48 41 57 15
44 43 18 19 50 45 29 17 34 37 26 21 12 3 16 9 22 51 5 10 1 25 13 30 53 54 59 8 55 24 38 61 33 14 46 63 6 41 42 2 52 15 49 60 58 0 11 31 23 39 32 57 7 62 47 20 48 40 56 4
37 43 18 38 42 41 49 57 56 19 33 17 44 53 45 52 58 51 30 29 62 54 26 21 55 40 46 20 10 60 11 12 8 61 13 1 2 39 0 16 14 22 25 7 23 31 59 63 50 15 47 4 24 48 32 34 5 3 6 9
19 34 43 18 44 20 10 29 22 42 41 1 21 37 13 23 45 53 52 33 54 4 9 8 24 49 57 51 60 17 0 26 3 50 58 46 5 30 39 16 38 47 25 6 55 31 14 63 12 7 15 62 2 61 59 32 40 56 11 48
37 43 42 41 18 21 20 19 10 17 50 59 26 33 24 16 12 29 30 31 39 38 44 5 25 1 49 46 22 52 54 23 14 57 45 63 40 32 56 6 51 58 15 34 62 61 3 48 8 4 11 47 2 13 55 9 53 7 60 0
26 34 44 20 18 52 41 33 29 22 12 10 43 11 60 45 17 48 37 13 42 19 2 38 5 1 4 50 3 53 25 16 32 51 46 6 9 0 39 31 40 55 56 21 47 49 57 54 15 23 63 58 8 24 62 61 14 30 59 7
19 34 42 20 37 11 33 45 26 38 10 18 13 43 12 25 24 21 41 48 51 5 6 2 29 4 3 7 1 44 46 60 53 0 40 39 61 32 17 9 59 30 47 50 52 14 31 22 56 54 55 8 23 15 63 16 49 62 58 57
26 18 37 25 9 11 24 34 43 0 10 32 12 13 16 45 19 8 53 51 42 38 1 2 39 54 5 33 21 20 29 30 55 46 22 15 41 63 3 49 17 23 44 47 52 14 59 58 57 61 7 6 60 62 31 48 4 56 40 50
19 18 37 20 10 43 26 21 51 34 33 11 14 17 12 22 29 50 30 38 57 13 9 39 8 42 31 40 4 5 25 41 46 55 54 52 53 16 49 2 47 3 45 0 1 63 61 48 58 23 62 60 59 44 24 56 15 6 7 32
37 43 18 38 44 45 34 19 52 42 50 33 20 9 54 13 39 63 17 57 1 30 25 26 22 60 46 16 4 0 10 21 58 41 62 2 24 53 61 47 59 32 14 11 12 23 48 40 31 29 55 7 6 5 56 15 3 8 51 49
19 18 44 20 26 45 12 21 11 4 14 33 37 34 9 43 3 2 53 25 50 30 29 38 16 42 49 58 32 7 13 24 47 56 57 8 31 62 51 40 17 1 59 39 23 60 41 15 10 5 52 55 22 48 61 46 54 63 6 0
37 43 18 38 46 19 45 21 20 11 39 17 16 29 3 10 13 55 50 24 12 5 42 9 2 0 1 34 32 30 6 54 8 26 53 57 23 49 25 52 51 4 58 7 63 59 47 33 56 48 60 14 22 61 40 44 15 62 31 41
44 43 34 41 19 45 51 20 46 42 26 54 12 25 48 53 50 39 16 24 37 29 21 52 62 8 47 13 60 49 38 5 63 55 17 40 11 9 6 18 0 30 14 1 10 22 33 7 58 3 32 4 15 23 56 59 61 2 31 57
37 45 53 38 44 29 19 43 21 20 13 11 39 62 51 52 54 5 12 47 31 46 26 42 18 33 25 60 59 30 40 34 3 23 22 2 55 16 41 24 15 17 58 57 32 63 9 7 14 10 1 8 50 6 0 48 49 61 56 4
19 20 37 18 13 43 17 29 21 10 26 9 50 22 34 5 1 42 41 45 54 58 23 14 38 46 6 40 57 11 25 16 44 33 3 62 55 12 49 39 63 52 53 48 60 47 31 51 4 30 61 2 56 59 8 15 7 0 32 24
26 18 19 34 43 50 44 20 10 52 37 38 33 17 12 32 60 11 30 53 40 51 57 48 2 25 42 23 54 4 16 62 45 49 3 55 58 8 21 9 41 22 13 56 63 59 39 46 29 61 31 1 47 6 14 24 0 15 5 7
26 20 29 34 42 22 12 13 6 4 37 46 21 43 55 18 3 25 51 38 45 54 24 16 23 52 39 19 59 30 33 53 31 32 11 50 60 17 5 10 9 0 57 49 61 47 8 15 44 63 14 7 62 2 1 58 40 48 41 56
19 20 45 26 18 42 33 24 21 25 37 13 34 17 32 14 50 44 53 52 9 38 60 61 12 41 46 16 8 49 48 5 7 15 10 29 22 40 4 56 23 30 6 47 54 55 62 1 11 59 58 43 57 2 3 51 63 31 39 0
37 43 18 29 21 19 20 30 23 9 26 11 2 22 42 31 25 46 38 33 24 10 50 15 34 44 54 40 32 49 52 57 17 51 59 47 45 60 14 12 4 55 3 5 0 61 48 1 13 39 58 16 53 62 56 41 8 6 63 7
26 34 43 18 19 52 25 20 21 24 10 11 3 4 12 5 42 41 49 1 16 2 45 13 9 17 51 38 33 40 0 30 22 50 8 44 6 58 46 54 57 14 39 37 29 48 60 61 15 7 47 59 32 53 62 63 56 23 55 31
26 34 44 18 25 16 41 29 10 42 32 24 50 45 46 48 21 58 19 14 20 17 43 37 30 53 54 47 49 51 8 40 11 62 12 2 59 22 1 9 56 0 52 3 7 33 61 57 4 38 63 55 31 23 60 13 6 15 39 5
26 18 44 45 46 20 10 42 12 25 32 54 49 13 17 34 63 50 41 19 58 29 14 56 21 9 37 24 1 43 11 7 48 52 22 0 59 6 16 33 4 2 40 8 3 55 15 62 51 53 57 38 47 39 60 30 31 23 61 5
44 45 26 43 51 17 54 19 25 46 34 59 52 62 10 53 47 29 63 33 37 18 40 11 42 50 8 32 60 1 41 16 21 48 9 61 3 22 58 57 49 12 30 0 20 38 4 2 15 24 39 13 14 55 5 23 56 7 31 6
44 43 34 29 20 19 26 25 41 11 50 51 16 53 22 30 18 49 4 33 42 10 59 17 8 15 58 37 56 3 62 9 38 60 21 5 1 45 61 12 48 39 2 57 54 13 46 47 14 24 32 31 23 0 7 6 52 55 40 63
19 20 29 38 30 34 26 22 13 17 25 6 31 11 45 47 18 21 15 16 46 23 44 10 24 37 33 40 2 55 14 51 54 53 12 41 43 7 9 0 32 4 59 42 62 39 50 48 5 58 8 61 57 3 60 49 56 52 63 1
