26 20 37 42 29 17 13 30 19 45 49 10 34 50 21 56 54 12 41 40 48 33 18 63 25 6 58 59 1 51 43 57 24 2 60 61 31 52 14 32 44 0 5 4 16 8 9 46 11 38 22 3 39 7 62 47 55 15 53 23
26 18 37 34 19 29 21 30 9 14 13 12 20 10 1 44 43 52 45 11 31 22 6 15 33 40 42 46 32 23 60 50 49 51 55 41 7 25 16 58 38 39 5 59 54 24 47 2 56 4 57 62 61 63 53 8 0 48 3 17
37 43 26 29 44 19 22 17 34 45 18 33 42 38 51 58 59 50 54 10 24 53 1 12 30 52 60 61 47 55 46 3 63 32 62 15 49 31 23 20 7 41 11 4 48 39 8 57 21 14 56 16 5 0 2 13 40 6 25 9
37 45 53 20 21 38 39 54 55 61 19 29 44 26 46 14 13 11 51 30 62 22 17 5 3 43 6 12 60 2 4 34 1 31 41 8 18 10 9 63 23 15 25 48 52 47 42 59 50 0 32 7 24 16 49 58 40 33 57 56
26 20 21 34 44 29 19 18 33 43 9 0 17 41 37 11 1 25 2 4 49 3 12 22 42 56 50 16 57 38 8 48 32 5 39 58 23 10 59 47 55 46 13 31 45 24 40 53 15 60 51 63 14 6 30 7 52 61 62 54
44 29 20 11 19 18 13 26 17 9 34 45 10 6 4 42 0 2 21 14 54 12 3 16 24 53 61 1 25 8 50 46 30 63 43 22 37 41 47 55 52 62 32 31 5 40 48 57 49 51 33 56 23 7 59 38 39 15 58 60
44 43 26 19 12 11 18 5 20 25 24 33 34 29 3 2 30 4 37 38 41 16 46 53 21 22 42 31 45 54 55 50 62 52 17 47 58 60 9 57 13 59 39 23 8 32 10 14 48 63 40 0 7 49 15 56 1 6 51 61
19 18 26 20 45 44 43 34 9 53 61 46 54 60 42 62 29 33 21 51 52 14 40 32 50 11 13 0 55 58 47 6 57 56 10 63 38 48 7 1 5 22 23 41 3 30 31 59 8 16 37 17 24 39 25 2 49 4 12 15
19 34 44 21 29 37 41 11 46 53 42 43 14 33 24 13 5 20 50 58 10 9 3 22 49 4 52 60 62 15 12 2 18 26 23 30 59 32 1 39 25 45 17 16 54 56 48 40 51 55 61 38 31 63 47 0 7 6 8 57
26 34 45 17 33 40 18 44 25 20 8 54 32 19 13 16 10 3 12 42 52 0 11 5 63 6 48 29 50 41 30 51 14 2 4 38 31 43 59 37 7 15 24 39 23 60 21 9 49 58 53 62 61 56 57 46 47 22 1 55
26 18 19 20 13 25 37 21 10 29 34 5 6 17 8 45 14 1 38 16 4 41 33 47 9 24 12 11 30 43 32 44 53 3 39 62 52 15 7 54 22 51 60 46 2 42 48 59 50 0 58 31 55 61 63 23 57 56 49 40
26 18 44 29 10 43 30 45 51 9 19 22 52 42 8 59 49 38 53 2 31 20 50 16 14 34 37 15 11 62 39 6 12 58 13 56 25 24 54 3 57 33 41 47 4 17 21 48 60 61 7 5 1 40 46 23 55 63 32 0
44 29 18 43 21 20 12 19 38 5 4 37 34 25 10 26 50 22 32 42 6 16 23 11 24 13 8 14 17 51 7 58 41 49 56 45 57 15 30 40 2 3 59 31 46 47 39 9 48 1 53 55 54 52 0 33 62 61 60 63
19 34 45 11 26 21 42 37 14 54 3 18 17 10 2 41 12 7 33 43 44 32 20 1 48 8 38 31 24 25 22 29 51 50 6 53 30 59 63 4 58 9 39 5 23 46 61 13 40 60 55 52 0 62 15 57 47 16 56 49
44 29 22 52 21 34 43 30 33 41 39 32 20 26 19 15 45 12 11 18 61 50 17 25 53 42 48 2 23 9 49 13 8 31 58 59 14 57 16 6 5 3 51 24 0 4 7 1 40 60 37 62 10 38 54 46 63 47 55 56
19 20 21 34 42 12 37 26 3 38 11 14 25 10 7 22 33 32 24 2 30 6 46 18 5 44 1 9 43 40 17 49 16 54 4 50 51 58 56 8 60 59 62 13 45 39 52 31 23 61 47 41 29 63 48 53 0 15 55 57
19 20 13 12 45 34 5 11 21 37 18 4 29 14 41 38 31 53 3 9 52 47 46 54 25 48 43 26 10 44 15 1 55 2 33 6 39 24 22 30 32 59 23 40 7 61 60 63 17 51 58 50 42 49 0 8 56 16 57 62
26 20 29 38 30 22 45 34 33 25 17 41 12 37 42 19 44 9 39 47 48 52 1 43 18 0 53 32 40 49 23 4 58 54 14 57 24 10 60 51 11 8 62 2 21 6 16 61 55 59 50 46 7 56 15 13 31 63 3 5
37 43 18 19 34 29 11 3 45 17 50 38 30 23 46 51 31 22 20 25 42 33 49 39 16 13 15 52 12 47 32 9 6 21 53 57 10 4 14 1 55 48 8 7 5 54 58 2 59 0 26 24 60 41 63 61 56 62 40 44
37 29 21 43 50 45 34 13 30 23 14 41 53 12 19 5 48 26 17 51 22 44 31 39 42 8 6 49 25 20 18 61 9 32 62 15 54 24 4 3 59 52 40 63 57 58 46 1 16 60 7 11 47 55 2 10 0 38 33 56
37 45 26 20 13 12 21 38 46 14 53 30 31 44 7 55 3 19 54 25 17 11 10 2 23 8 24 4 43 6 29 51 18 1 58 60 34 52 5 32 59 39 33 57 62 22 0 61 16 63 40 41 42 50 47 48 49 9 15 56
19 20 13 26 21 44 42 12 3 14 37 6 51 4 11 46 22 49 15 58 38 31 34 7 52 18 25 41 9 24 33 43 40 53 10 50 55 0 32 48 29 17 45 5 30 2 8 16 57 47 1 23 60 59 62 54 63 61 39 56
19 20 13 10 37 46 18 42 2 12 11 3 21 25 17 1 49 14 32 34 6 29 22 5 41 9 8 56 26 24 45 4 47 0 50 51 57 15 60 58 33 52 16 43 7 38 23 55 30 39 44 31 59 61 53 40 54 63 62 48
44 45 19 52 53 61 60 43 54 47 62 11 10 21 12 1 50 5 13 38 18 42 51 17 30 59 34 63 26 3 9 39 31 29 20 8 16 41 58 25 2 49 48 0 22 6 24 40 46 15 37 14 32 55 4 23 33 56 7 57
19 20 21 12 3 18 44 5 10 30 14 23 26 42 39 53 7 11 43 17 29 22 52 4 13 50 34 1 24 51 59 37 45 2 57 61 62 38 15 8 16 32 47 25 54 49 41 48 56 6 60 9 46 63 33 40 31 58 0 55
26 18 19 20 21 33 12 43 44 5 4 14 22 23 42 51 34 53 50 49 13 37 11 3 31 6 59 41 29 60 57 39 9 30 25 32 16 45 15 58 38 48 62 47 7 0 61 52 2 24 54 8 40 10 17 46 55 63 1 56
37 45 26 20 13 34 29 19 44 43 42 6 54 33 25 16 50 41 32 38 21 18 52 53 30 55 61 51 9 2 39 58 17 47 0 10 62 23 63 40 57 46 12 4 48 49 59 8 11 24 3 31 60 56 15 5 7 14 22 1
44 45 26 34 41 20 29 52 54 46 13 63 53 61 62 18 51 50 10 32 19 17 33 6 24 11 43 40 3 42 25 38 59 12 14 22 48 1 15 49 31 30 21 16 57 60 7 5 47 39 23 56 8 58 2 37 55 9 4 0
37 43 50 29 18 46 38 44 21 9 45 54 19 52 55 13 63 42 34 47 20 41 22 10 33 31 15 24 53 57 61 51 39 25 40 49 23 62 60 14 26 32 5 7 2 30 48 11 12 56 17 6 16 1 0 8 3 4 59 58
26 34 43 18 33 44 42 29 10 50 51 49 57 41 22 17 25 21 53 24 13 62 19 20 40 38 11 3 37 23 1 6 39 48 15 4 16 8 58 56 5 7 2 60 52 12 54 47 32 9 30 55 0 31 59 46 61 45 63 14
37 45 19 29 44 43 38 47 52 59 51 42 22 18 53 20 11 46 50 61 25 2 34 17 62 49 31 16 48 56 9 26 39 63 24 21 8 15 41 57 58 23 30 33 3 10 40 55 54 4 14 12 1 13 5 60 7 6 32 0
19 34 45 21 41 37 43 42 29 38 13 50 59 26 51 58 49 54 39 5 30 12 11 31 63 10 25 44 14 23 15 52 46 55 9 3 18 32 16 2 47 7 57 0 61 53 62 56 40 48 20 60 8 24 22 6 33 4 17 1
44 29 19 26 37 43 42 34 33 50 51 45 58 59 20 52 53 61 60 17 54 49 22 32 30 21 12 23 62 3 5 57 13 38 31 18 15 4 2 47 56 39 25 63 16 9 8 11 10 1 41 48 24 7 46 55 0 6 40 14
44 29 19 10 11 12 3 26 13 14 18 17 21 42 8 5 2 43 20 53 15 4 30 33 50 1 52 60 45 37 34 23 46 38 39 24 54 58 6 63 49 31 62 51 59 61 47 48 56 55 7 41 57 22 0 32 40 25 9 16
26 20 29 34 11 21 43 17 22 14 13 6 19 12 7 10 5 51 9 4 42 23 18 1 52 44 60 33 31 58 3 41 49 53 8 50 57 38 62 37 24 39 25 48 30 0 46 2 59 47 45 54 32 15 40 56 61 16 63 55
37 43 42 41 18 19 26 33 25 17 10 20 9 11 34 3 24 8 16 21 13 29 12 45 2 6 0 32 49 40 14 5 38 57 44 30 22 52 46 54 23 51 48 4 53 62 31 39 61 59 7 15 60 58 56 1 63 50 47 55
19 18 26 34 25 32 42 20 11 41 21 50 17 12 29 13 3 4 10 9 16 2 5 37 58 6 44 22 23 43 0 8 14 30 45 24 33 52 31 40 53 38 39 54 46 47 48 49 60 62 51 59 55 63 1 15 7 56 57 61
44 45 19 52 53 34 46 11 26 54 41 38 3 18 60 51 58 25 37 42 62 50 24 29 17 16 43 9 49 61 55 63 10 48 21 33 0 4 39 2 57 32 40 13 1 59 56 47 22 8 20 14 6 12 5 23 31 30 15 7
37 29 20 45 30 34 53 31 21 13 18 12 11 38 44 52 51 58 47 54 22 9 59 23 14 39 25 3 19 55 0 16 57 5 46 10 63 62 41 2 61 60 26 43 4 56 1 15 33 49 7 17 24 8 42 40 48 6 32 50
37 45 19 29 30 22 46 26 33 34 44 54 20 11 12 47 38 25 3 32 17 13 62 9 21 2 42 52 14 61 43 4 40 23 39 49 10 41 63 15 59 60 55 53 5 58 8 31 1 50 6 7 51 0 48 16 24 56 57 18
19 18 44 20 26 52 29 17 60 30 22 53 46 37 8 14 43 51 50 59 45 41 21 47 38 13 15 12 6 39 31 33 54 16 10 62 58 11 4 9 57 5 25 42 34 55 61 23 1 56 32 48 7 0 63 40 24 3 49 2
44 29 19 10 22 26 20 45 25 52 60 59 54 38 47 37 12 34 53 4 13 11 51 43 33 55 46 39 9 5 62 1 50 32 42 30 21 14 41 3 18 24 6 31 58 8 61 23 7 57 56 49 40 17 2 48 0 15 63 16
19 34 44 53 52 21 33 10 20 26 12 18 11 13 42 51 3 41 30 45 5 29 9 43 60 31 25 2 62 22 49 50 54 16 14 4 38 47 57 23 46 24 17 56 48 59 1 39 58 37 15 6 55 63 7 32 61 40 0 8
37 29 22 45 43 30 53 44 18 50 42 51 57 33 52 58 31 54 59 15 41 26 46 23 55 10 9 39 21 62 25 38 11 0 61 20 47 63 13 24 32 2 12 60 8 40 19 1 49 3 17 34 14 6 5 4 7 48 56 16
26 34 44 37 43 51 46 30 33 42 60 25 24 18 45 58 17 55 10 20 21 50 39 14 38 29 52 22 13 12 19 32 49 16 6 54 47 57 23 2 62 31 9 41 11 4 56 61 59 3 8 0 1 48 63 53 40 15 5 7
19 34 42 20 21 12 5 22 37 43 44 52 51 38 23 49 60 59 25 33 29 17 50 41 58 15 47 11 26 18 3 4 45 53 14 30 56 48 54 39 10 9 8 63 1 2 31 0 61 55 32 57 13 6 62 16 7 46 24 40
26 18 44 43 34 29 37 25 17 16 42 52 51 53 19 20 22 45 54 21 30 50 10 63 14 23 12 11 3 31 38 59 24 2 57 13 49 33 46 9 6 15 41 47 7 40 48 62 60 56 0 39 5 8 32 61 4 58 1 55
44 43 18 37 46 53 45 21 34 25 61 62 63 20 32 55 38 16 33 41 52 60 14 39 51 19 30 11 59 50 4 54 31 29 58 22 26 23 13 3 40 5 2 24 12 42 48 1 8 10 6 47 17 15 0 9 49 57 56 7
44 43 26 45 53 19 54 25 42 37 18 10 24 32 12 61 21 47 63 20 38 5 2 34 62 16 60 17 4 51 50 13 14 46 29 30 31 22 9 41 15 59 52 6 11 39 58 1 0 49 48 57 56 3 23 33 8 40 55 7
26 18 10 43 42 29 37 46 30 21 50 57 51 19 22 52 20 23 39 34 41 14 55 25 12 13 24 4 58 17 61 53 45 15 9 16 56 2 0 32 5 59 3 6 49 38 40 11 1 47 44 63 8 31 60 48 7 54 33 62
26 20 37 46 29 34 43 52 38 30 22 25 11 12 13 4 33 45 61 2 17 32 23 50 54 24 19 31 18 16 6 63 41 15 39 55 62 42 44 60 59 40 21 58 9 14 5 0 51 47 10 1 49 7 48 57 53 56 8 3
19 34 44 21 33 10 20 42 26 52 60 40 22 23 1 41 32 25 50 18 48 53 46 51 12 24 11 56 14 45 54 58 43 17 8 2 57 7 59 37 16 62 61 38 29 3 9 30 39 0 6 47 31 5 4 15 13 49 63 55
26 20 13 25 19 44 24 18 52 29 34 42 30 37 33 23 31 53 9 11 2 3 50 6 45 40 4 51 58 10 1 12 15 8 17 0 14 22 60 21 54 39 38 61 16 47 62 7 55 32 41 48 5 63 43 46 49 57 59 56
44 45 26 18 19 34 46 29 43 50 25 54 62 10 41 24 17 33 20 53 40 21 42 55 37 51 30 8 60 49 57 61 32 9 52 31 14 12 22 39 16 11 23 13 47 15 58 48 1 2 6 7 5 4 63 38 3 59 0 56
26 18 19 34 9 20 21 14 37 11 25 12 29 10 43 51 42 41 7 44 2 46 4 8 16 3 0 30 52 50 13 17 59 32 1 60 22 23 40 33 39 6 58 48 15 57 61 5 24 53 62 31 45 47 56 49 55 54 38 63
19 34 41 20 43 26 18 17 13 44 45 54 29 48 16 37 53 46 25 6 39 21 22 30 23 51 42 31 5 12 38 49 40 8 0 24 55 32 11 63 7 61 57 9 14 47 2 50 52 33 62 59 58 3 56 4 15 60 10 1
44 43 50 37 46 51 34 25 42 52 59 38 16 19 39 55 11 30 21 20 45 18 54 23 22 41 26 53 9 24 12 13 6 61 10 57 33 3 49 0 60 8 2 58 29 5 4 32 63 56 47 31 15 14 17 62 7 1 48 40
26 18 10 34 42 29 30 20 13 33 43 6 32 31 22 44 4 38 53 51 46 45 52 14 19 59 60 17 9 2 37 1 39 49 15 41 58 47 0 40 8 61 54 16 62 63 50 55 48 21 11 23 24 57 25 56 3 7 5 12
44 45 46 34 42 54 26 33 24 49 56 50 51 43 37 18 62 38 25 16 41 47 30 63 10 52 59 39 53 23 31 29 32 60 17 19 8 40 9 58 20 61 55 1 21 14 15 13 57 7 5 22 48 11 3 2 0 6 4 12
19 34 41 21 29 37 46 26 20 45 25 33 44 16 40 18 17 51 9 24 12 47 22 1 42 48 0 11 53 5 10 38 58 15 56 61 4 14 55 43 23 59 49 13 52 57 6 39 50 31 7 32 8 2 30 60 62 54 3 63
37 45 19 34 43 52 53 18 44 29 60 38 31 54 30 39 46 47 25 23 55 33 17 62 21 11 41 51 61 22 20 50 49 32 26 48 40 9 2 3 1 16 12 63 57 13 15 59 24 14 7 0 58 56 42 5 10 4 8 6
44 29 20 11 18 26 4 42 34 45 19 33 50 49 13 2 30 53 48 10 1 21 25 12 3 24 43 22 16 6 14 23 52 39 40 7 46 51 15 37 59 47 41 5 61 56 32 58 60 17 9 8 55 62 54 38 57 31 63 0
44 45 37 29 21 19 18 9 38 14 20 30 22 31 46 23 6 47 17 55 1 54 62 43 34 5 51 16 11 61 63 0 39 7 13 50 49 10 8 53 15 52 26 41 24 59 4 32 57 42 40 3 33 2 12 48 60 25 56 58
26 20 45 34 18 10 9 44 42 8 29 54 12 33 40 13 0 32 53 38 11 51 50 41 46 19 58 43 31 57 17 25 14 60 59 47 37 61 39 30 62 16 24 3 21 22 2 4 56 23 63 6 48 52 5 49 55 1 7 15
37 45 53 54 19 20 21 18 44 29 30 61 17 31 38 11 4 22 15 9 46 52 10 14 43 51 50 1 8 0 12 42 55 13 3 57 5 6 26 16 25 59 39 63 41 62 7 23 33 40 49 60 24 34 32 2 48 58 56 47
37 45 44 43 54 29 51 53 52 61 30 63 19 31 23 18 46 38 55 62 26 42 49 15 17 34 39 41 48 9 1 21 12 22 50 58 59 60 47 0 33 56 57 11 10 3 14 25 24 8 4 16 2 6 7 40 5 13 20 32
19 20 21 18 17 29 45 14 22 42 6 37 43 10 3 34 46 15 30 7 12 5 41 54 44 11 63 16 26 49 57 38 13 50 58 1 47 51 8 24 2 48 0 53 59 55 32 52 61 9 33 62 31 23 4 39 60 56 25 40
37 43 18 38 42 9 44 34 29 53 52 30 62 49 25 60 22 26 51 24 16 14 39 59 15 46 13 21 56 61 55 5 50 45 32 47 31 20 12 19 3 57 33 23 54 4 7 10 2 58 6 48 11 63 40 1 0 41 17 8
26 20 45 44 53 42 43 34 25 50 37 41 57 54 29 21 22 18 40 32 24 19 12 58 55 30 46 52 31 48 33 39 23 15 11 3 60 47 38 9 10 62 63 56 14 7 59 51 13 1 2 6 49 5 61 17 16 8 4 0
44 43 18 53 50 37 46 21 51 19 20 13 14 38 30 39 12 57 45 10 47 55 54 23 42 58 59 41 62 52 11 3 22 15 61 60 7 31 40 63 6 4 1 32 34 9 26 29 48 49 17 24 2 8 5 25 16 33 56 0
44 43 42 29 21 51 60 13 34 41 14 59 19 26 18 37 49 12 53 30 31 56 50 25 24 20 48 16 5 23 52 4 45 38 61 10 8 39 3 7 11 62 33 57 22 6 15 17 40 58 2 1 46 32 47 54 9 0 55 63
44 29 18 52 37 42 30 38 47 23 49 39 53 51 45 33 58 55 59 21 14 20 12 5 24 34 46 13 7 22 26 43 54 15 50 25 31 62 19 57 61 48 4 60 32 41 63 17 10 6 11 3 2 9 56 8 16 40 1 0
44 43 50 37 26 20 13 25 19 18 46 52 61 60 59 11 3 29 32 55 21 5 17 12 4 24 34 57 41 33 16 48 42 10 45 53 39 58 56 51 38 62 63 30 1 47 40 2 14 15 9 0 6 22 54 7 49 8 23 31
44 29 18 26 20 11 22 53 2 37 34 33 46 12 62 42 13 55 30 25 19 38 40 23 24 32 41 16 39 48 31 50 15 6 51 4 17 9 21 10 8 58 1 60 5 0 54 14 45 63 49 43 52 57 3 61 7 47 56 59
44 45 46 52 60 54 38 34 63 21 20 19 26 37 42 39 13 25 17 49 31 12 11 5 4 18 30 3 29 16 8 23 6 9 22 7 33 43 51 15 14 62 1 58 41 53 47 2 56 32 0 48 61 55 40 10 24 50 59 57
19 20 37 18 13 21 14 6 10 2 5 4 9 16 1 17 24 45 34 22 0 46 29 38 23 31 7 11 44 51 12 43 8 15 53 26 30 42 25 60 49 54 62 50 52 32 41 57 58 48 39 47 40 33 59 55 61 63 3 56
19 34 44 21 43 26 37 53 51 59 62 45 42 50 58 61 17 20 46 47 33 25 22 13 5 38 55 23 60 18 31 41 15 6 24 40 52 4 39 9 16 54 1 32 10 0 48 12 3 49 7 11 56 30 14 2 29 57 8 63
37 43 18 29 30 21 34 31 51 50 45 25 49 53 38 11 54 39 13 52 33 41 61 42 24 56 17 9 48 59 32 44 26 20 22 19 47 40 2 57 46 60 0 12 62 3 4 14 23 15 10 16 58 6 8 5 7 1 55 63
26 20 21 18 12 29 34 4 30 38 37 33 44 45 43 51 40 32 47 25 17 52 19 31 58 13 39 59 53 10 23 46 50 60 41 8 42 24 3 57 6 5 16 49 0 9 61 62 2 1 11 55 22 14 54 15 7 63 56 48
44 45 37 43 50 38 52 19 39 51 42 49 11 31 29 59 58 47 61 3 10 9 26 18 48 21 1 17 41 60 25 57 33 0 56 32 2 34 16 24 20 12 30 22 40 46 14 6 55 63 53 54 62 13 4 5 7 8 15 23
19 18 26 20 37 45 53 54 10 11 44 61 63 9 2 55 47 52 0 46 43 42 51 25 12 13 34 8 33 58 3 29 60 50 38 59 4 62 49 31 6 57 30 48 41 32 56 40 21 39 24 23 1 14 22 15 16 17 5 7
37 45 53 54 44 43 51 29 30 31 46 59 63 62 34 55 61 25 33 32 42 52 38 41 50 58 22 13 47 60 19 21 26 18 17 9 5 4 16 10 2 23 49 39 14 15 1 0 11 8 6 40 56 3 57 48 7 20 24 12
37 43 42 41 49 57 50 51 58 59 44 34 40 21 14 32 19 29 45 46 53 11 22 7 47 33 24 55 30 61 63 39 60 23 3 52 48 25 31 18 62 10 56 38 17 20 15 16 6 2 12 4 9 26 5 8 13 54 1 0
37 43 26 38 51 20 29 21 12 42 47 25 33 39 17 4 34 50 13 55 3 8 19 6 49 56 46 44 48 57 53 54 41 40 14 58 5 60 59 7 9 2 30 24 15 1 61 22 32 62 52 18 16 11 23 45 63 31 0 10
44 45 26 43 52 29 37 59 42 20 21 17 60 61 38 47 30 53 46 41 49 31 54 39 50 55 51 56 63 62 19 14 8 18 13 34 15 7 12 22 48 40 23 33 9 5 24 16 25 0 4 32 58 6 1 57 10 2 3 11
44 43 34 25 50 51 18 57 42 19 10 21 26 49 32 45 52 24 29 59 54 40 33 22 17 11 30 3 56 31 61 53 37 55 63 41 20 12 47 46 38 39 9 1 2 62 60 4 15 13 16 8 48 58 5 14 6 23 0 7
19 20 21 18 17 34 45 13 26 22 43 42 23 8 33 25 16 10 2 51 29 15 49 11 0 31 4 54 6 37 30 9 59 24 46 41 53 1 44 50 3 56 52 38 40 32 55 63 14 62 60 39 57 47 12 61 58 7 5 48
37 45 44 29 19 43 46 18 51 42 52 47 30 20 41 21 12 50 49 22 34 33 10 31 24 2 55 59 53 61 62 32 39 23 15 60 26 11 57 25 38 13 58 16 54 48 3 5 9 14 17 56 40 4 6 0 8 63 1 7
26 18 10 43 45 37 51 9 46 34 25 21 19 42 11 29 13 44 50 55 20 14 53 30 0 33 15 7 47 60 22 49 32 5 41 12 57 1 4 3 31 56 38 17 2 59 58 62 61 52 40 54 39 24 6 48 8 16 63 23
19 18 37 29 22 11 9 25 20 46 3 21 17 2 12 15 55 45 33 16 14 41 1 5 10 47 53 30 13 54 23 4 39 31 49 6 62 26 34 0 7 24 43 40 32 61 44 42 8 58 51 59 38 52 56 50 60 63 57 48
44 45 19 43 37 26 52 18 34 51 53 30 20 33 38 13 23 21 12 62 50 61 6 46 60 11 54 59 42 29 3 22 55 4 24 49 9 10 1 47 39 8 15 14 41 5 48 58 0 2 31 25 57 16 7 32 63 40 17
37 43 34 25 33 29 52 45 19 18 17 41 49 10 2 59 11 1 9 0 46 51 16 55 54 26 30 3 61 40 50 24 47 31 63 48 32 8 12 5 38 42 21 44 23 58 56 15 57 60 62 14 13 39 22 4 6 7 20 53
44 29 18 42 26 52 21 17 43 9 37 30 45 51 31 14 50 39 47 58 34 25 8 38 0 20 22 11 13 6 4 16 57 49 12 19 10 1 56 15 2 41 46 3 23 33 54 55 53 60 61 59 32 24 48 63 62 40 7 5
37 29 18 42 30 19 49 43 26 33 51 59 34 25 50 44 16 58 41 10 60 56 45 46 12 17 20 11 55 13 52 32 24 61 40 22 48 53 21 39 1 9 38 31 4 3 0 57 23 14 2 8 5 7 15 6 54 63 47 62
37 29 18 45 21 13 22 31 53 42 20 19 49 61 15 23 12 7 38 56 5 17 52 46 47 6 10 4 16 51 3 30 34 2 39 55 50 54 62 43 14 63 60 57 59 41 32 33 25 9 26 1 40 58 48 24 11 8 0 44
19 18 26 34 44 20 10 53 9 29 12 4 42 17 37 1 52 50 58 46 2 3 30 45 13 43 5 31 16 41 21 57 0 51 49 59 61 8 25 24 23 56 40 38 32 14 54 15 22 62 7 60 47 33 39 11 48 55 63 6
37 29 22 43 19 15 44 45 51 18 53 20 21 38 11 34 47 50 42 52 33 10 26 62 46 24 57 30 25 13 61 54 6 2 41 16 4 32 55 59 60 49 39 58 31 17 1 23 14 12 7 63 48 3 9 40 8 0 56 5
26 20 13 18 10 43 45 37 51 12 38 14 29 44 21 58 53 47 59 25 5 61 34 17 7 50 39 19 9 52 55 30 54 42 22 46 57 11 41 33 16 0 8 31 32 62 60 6 63 4 15 2 23 40 48 1 3 24 49 56
44 29 22 43 18 52 45 26 60 54 63 15 25 53 30 19 50 21 20 51 12 13 5 11 46 38 31 32 37 6 47 17 24 4 34 23 14 49 61 16 57 62 2 3 48 1 42 33 55 59 10 39 58 56 8 0 40 9 41 7
26 34 45 17 42 29 20 37 46 11 30 38 12 54 44 43 39 13 2 22 4 41 31 14 52 19 33 6 49 10 18 56 50 3 5 53 21 58 25 23 16 24 61 9 63 62 7 51 0 1 55 8 40 47 60 59 57 48 15 32
