26 20 29 18 43 45 19 34 25 51 59 42 33 50 54 30 52 41 21 16 40 13 12 63 57 3 4 58 31 56 2 32 6 39 14 7 44 53 15 37 47 5 38 1 49 60 9 48 10 22 11 46 62 61 17 0 24 23 8 55
44 29 20 43 30 52 34 33 41 25 17 22 45 26 15 31 60 32 18 19 50 16 9 57 59 10 38 0 1 46 53 24 8 14 12 61 37 4 62 54 39 47 21 49 11 3 63 13 6 51 40 48 58 23 42 5 2 55 7 56
26 18 10 25 44 29 21 53 34 43 52 45 32 16 42 11 54 59 12 61 20 17 24 55 38 19 51 8 46 5 62 50 13 3 60 22 14 33 2 63 1 39 23 30 58 0 47 9 31 37 4 49 57 41 56 40 48 15 6 7
44 43 34 29 42 50 21 45 53 52 46 41 18 37 40 26 61 60 17 14 57 39 22 8 25 51 6 33 16 49 59 15 58 56 54 24 38 30 48 19 23 47 9 63 13 20 31 62 11 5 12 7 55 10 0 32 4 2 3 1
37 29 20 13 26 34 30 18 33 43 42 25 10 38 24 16 46 41 32 21 11 45 54 19 5 39 49 53 44 55 12 22 62 50 23 14 51 58 60 17 7 59 8 1 15 6 63 2 52 61 57 40 31 48 56 3 4 9 47 0
37 45 44 43 26 30 53 34 42 51 52 61 54 55 29 38 59 50 60 20 62 25 49 58 12 40 33 11 13 14 47 21 57 18 6 5 16 31 9 10 17 63 23 22 39 15 2 24 48 1 46 4 19 7 41 8 3 56 0 32
44 29 18 52 37 46 38 30 39 26 19 45 22 9 59 14 53 61 25 20 21 23 43 33 13 11 0 42 17 6 12 50 49 56 3 51 47 24 57 34 54 63 40 41 5 1 55 60 15 31 58 10 2 62 48 32 16 4 7 8
19 18 44 43 9 21 20 53 14 7 51 58 22 11 2 30 39 12 59 42 52 26 57 61 60 38 49 29 54 62 45 37 13 41 15 55 50 3 23 56 17 31 4 47 40 16 10 5 8 34 33 25 32 1 0 63 46 24 48 6
37 29 21 43 34 22 51 38 44 33 23 59 50 53 52 20 12 49 58 11 39 47 26 25 40 42 57 4 54 31 16 14 13 19 17 24 10 6 60 9 41 56 55 62 32 46 30 18 3 2 7 5 61 8 1 48 63 0 45 15
37 45 53 29 18 42 22 19 10 21 20 13 49 30 23 1 4 17 9 8 0 46 44 14 16 6 2 26 25 31 55 39 7 15 11 60 5 24 61 56 34 12 59 33 41 3 43 32 57 54 63 58 40 62 47 52 50 51 38 48
26 18 44 29 9 43 30 0 19 22 37 11 14 15 12 53 17 6 51 45 38 16 46 20 8 33 25 52 54 34 3 47 55 4 10 2 41 40 21 49 31 63 32 60 13 62 59 5 48 39 7 58 61 23 1 50 42 24 56 57
19 18 44 29 21 11 3 20 9 26 17 2 4 0 1 22 14 52 10 13 45 33 59 6 12 60 15 37 40 54 8 34 46 32 53 43 51 42 30 7 62 61 24 63 38 5 58 41 49 55 25 39 23 16 31 48 47 56 50 57
19 34 44 20 33 41 26 25 32 29 16 11 21 24 12 45 10 40 38 3 52 22 30 4 23 47 43 51 13 31 50 8 14 60 18 49 53 15 17 54 59 9 57 61 2 58 5 1 37 56 48 42 0 46 39 6 63 55 7 62
37 43 34 45 51 50 44 29 20 19 26 25 41 42 30 13 12 48 10 53 33 23 24 21 39 4 62 18 52 31 38 17 58 54 22 46 63 2 11 61 32 40 14 6 5 16 49 56 55 3 9 57 1 59 15 0 47 7 60 8
44 29 20 45 30 22 38 52 37 43 26 21 13 5 54 34 51 31 33 59 18 25 39 46 12 10 6 23 47 41 24 55 4 11 9 62 49 48 15 16 50 0 17 7 61 57 1 2 3 19 8 42 58 40 60 53 63 32 56 14
19 20 13 10 44 37 11 51 38 30 22 23 29 34 45 26 33 41 1 15 52 42 49 12 21 25 60 39 43 50 46 53 5 14 24 40 55 54 31 16 6 7 61 2 3 17 9 8 48 18 32 57 62 56 58 47 0 63 4 59
26 34 41 20 44 18 12 25 16 45 10 4 54 24 32 9 0 42 17 37 29 8 11 33 43 30 22 46 23 31 19 1 39 15 7 21 53 55 14 51 13 52 47 3 38 49 61 40 59 60 2 6 58 62 50 57 48 56 63 5
19 34 44 53 43 37 29 51 52 10 45 26 33 22 21 38 31 32 1 12 25 18 5 39 20 42 17 59 46 11 30 13 41 48 4 50 14 8 40 6 60 62 56 24 7 55 49 57 58 15 16 47 54 23 0 3 2 9 63 61
44 29 19 10 21 26 18 53 30 14 20 11 52 31 17 60 62 13 45 25 33 40 41 54 37 32 5 12 4 9 46 34 59 63 2 43 55 47 22 23 51 61 24 38 7 6 39 3 15 58 8 50 49 42 57 48 56 0 16 1
19 20 21 12 3 14 45 26 22 44 6 13 4 18 9 23 42 43 31 10 52 61 33 41 49 8 2 5 59 11 50 30 16 40 38 54 37 46 63 0 17 62 29 57 1 53 55 39 47 51 34 24 15 7 32 25 60 58 48 56
26 18 37 29 30 34 25 16 42 50 9 20 49 48 11 43 33 31 58 44 19 3 21 2 39 32 40 12 51 41 0 60 5 46 53 22 10 59 61 17 23 62 56 38 52 8 14 47 24 54 63 57 45 15 1 6 4 13 55 7
26 18 19 34 43 52 51 29 22 37 17 9 61 8 25 20 0 41 45 24 11 21 13 6 5 42 48 40 16 46 55 59 50 56 44 38 7 10 39 53 60 62 2 12 33 15 49 4 54 30 14 3 32 1 47 57 58 31 23 63
37 43 18 21 20 38 45 19 50 54 63 52 22 9 44 12 46 53 61 51 29 47 58 42 55 11 26 33 30 31 24 23 10 34 8 2 3 60 1 40 4 13 15 59 14 5 7 0 39 49 57 62 25 6 32 16 41 56 48 17
26 34 44 37 45 21 43 51 25 19 52 53 60 17 38 29 42 58 50 59 20 39 54 57 10 11 14 33 56 49 18 7 41 62 9 1 13 8 3 16 0 4 47 40 2 12 32 61 31 63 55 30 23 48 46 15 22 24 6 5
26 20 29 38 45 43 12 52 37 18 21 13 44 25 9 0 51 50 24 34 58 59 30 31 5 53 23 16 41 33 19 11 32 42 57 22 49 40 61 14 39 62 54 46 60 48 17 8 7 6 1 4 2 56 15 10 3 55 47 63
19 18 26 20 12 25 44 5 17 29 38 10 11 30 21 13 4 2 32 52 39 3 45 42 6 22 14 46 49 43 34 37 60 53 50 31 47 59 54 16 61 41 24 23 8 7 9 56 15 33 58 62 55 1 0 57 48 51 40 63
19 34 42 18 37 43 51 45 17 11 53 46 33 41 38 32 21 9 20 30 31 29 40 52 3 50 39 47 0 2 44 14 60 25 13 48 15 55 58 5 12 10 26 59 22 23 24 7 1 62 56 4 61 16 63 54 57 49 6 8
19 20 21 12 3 18 37 44 11 14 29 30 39 10 45 43 51 31 17 13 5 42 41 1 34 4 23 25 16 22 26 6 9 38 15 46 47 52 59 50 49 61 53 57 58 7 56 2 54 62 55 60 33 0 48 40 32 63 8 24
37 45 53 34 42 20 33 32 26 41 40 18 19 38 24 49 50 61 48 29 13 12 21 22 5 3 30 6 43 56 54 23 58 4 17 55 11 16 31 57 14 15 52 46 9 7 25 2 0 1 47 39 63 59 51 60 44 10 62 8
19 20 45 10 12 37 18 34 44 26 46 55 30 52 41 4 2 1 59 54 43 42 0 38 51 50 9 40 39 29 17 53 21 25 62 23 33 11 5 6 61 22 32 13 58 8 31 24 14 48 15 63 47 7 49 16 3 57 56 60
37 45 44 29 38 42 54 52 34 31 19 63 22 30 53 33 49 26 24 10 60 56 51 58 18 61 55 13 39 17 43 59 21 23 9 46 15 50 11 12 47 2 48 41 3 0 5 7 25 40 8 4 32 16 1 14 6 62 57 20
37 43 50 45 19 38 29 10 20 21 30 44 39 18 46 53 1 47 17 42 51 26 25 59 14 34 58 22 61 57 49 6 7 60 54 55 63 24 33 31 5 9 12 40 23 52 62 41 32 13 0 3 2 11 56 8 4 48 16 15
44 45 37 29 22 52 26 18 53 43 60 61 34 15 19 54 42 59 63 55 47 20 11 17 30 21 12 41 33 2 9 1 62 25 50 5 32 39 13 14 31 51 10 3 24 58 7 6 49 56 0 23 8 40 48 38 46 57 4 16
26 20 29 34 42 33 43 49 50 51 12 22 32 4 52 24 19 41 21 30 16 13 59 25 37 53 56 11 10 45 18 9 2 0 14 15 57 48 44 17 23 31 58 7 6 39 38 60 61 8 5 40 3 47 46 62 1 55 54 63
26 20 13 34 45 37 43 53 54 44 29 30 52 6 18 19 25 21 22 33 4 14 40 24 41 62 32 51 38 16 23 5 7 9 11 2 3 47 12 55 59 58 8 31 46 50 39 48 17 0 61 15 57 49 1 10 42 60 56 63
37 45 19 38 39 31 54 34 23 53 43 55 25 18 26 10 63 42 41 24 47 50 57 48 33 32 40 52 56 49 58 20 9 8 16 17 29 46 59 30 1 51 60 2 12 21 44 61 11 13 22 14 3 4 7 15 0 62 5 6
26 34 42 18 44 45 20 12 9 52 13 25 60 14 38 53 6 54 22 59 63 33 11 19 43 29 32 37 30 31 47 24 51 15 46 5 23 21 17 49 39 0 7 41 4 62 61 2 50 55 56 57 10 3 16 8 1 40 48 58
37 43 34 41 19 11 10 45 42 50 53 54 44 21 12 46 26 60 14 51 59 1 62 7 30 29 9 33 32 61 25 23 52 18 39 2 47 48 40 57 55 17 38 49 58 13 56 22 4 24 3 20 16 31 6 63 0 5 15 8
37 43 26 19 42 41 11 29 21 22 30 20 45 38 39 3 13 25 12 14 2 54 6 15 10 1 33 17 9 18 23 40 50 31 5 46 34 57 44 0 49 48 47 24 56 53 51 4 16 58 62 7 52 61 32 55 63 8 59 60
26 20 37 44 53 18 12 43 10 25 24 17 34 29 8 33 42 4 13 50 58 32 38 49 11 52 61 2 40 30 31 56 48 21 45 22 15 14 19 46 6 9 23 3 47 16 7 57 5 59 54 55 60 51 63 39 1 62 41 0
44 45 46 52 59 54 37 29 21 55 53 30 19 60 31 20 63 22 47 38 23 42 43 12 49 26 61 56 11 10 13 51 58 15 39 6 34 41 40 50 3 4 1 18 5 14 25 17 24 48 9 32 7 8 0 16 2 33 57 62
37 43 34 41 51 59 18 38 46 9 44 21 42 52 40 50 19 29 39 32 20 30 12 55 53 22 33 24 10 25 26 11 49 17 45 60 13 48 15 4 0 1 61 31 14 7 8 6 16 54 62 47 5 63 56 3 2 23 57 58
26 18 44 45 19 52 54 20 53 34 17 25 60 8 37 63 12 62 41 43 33 59 9 16 58 1 50 38 0 51 30 11 24 57 4 3 2 29 56 49 55 21 22 47 42 31 46 15 10 48 32 39 40 23 61 13 6 5 14 7
37 29 21 43 34 22 19 45 23 13 51 10 20 18 53 33 42 61 44 50 6 5 38 46 11 58 9 3 57 7 55 25 41 26 54 30 16 0 2 48 40 15 17 62 60 32 14 31 49 4 24 1 12 56 52 47 63 8 39 59
37 29 19 45 38 47 30 22 15 44 53 52 46 31 60 43 34 18 39 26 25 50 54 61 42 32 10 21 14 1 12 55 57 7 62 13 6 63 51 58 33 20 23 17 4 56 9 8 0 5 3 40 41 2 11 16 49 59 48 24
44 43 50 21 18 37 20 53 42 12 13 49 45 52 11 38 29 2 34 51 60 26 25 33 41 58 10 40 61 6 32 59 39 30 19 4 48 24 5 31 17 16 9 47 7 22 3 62 54 57 1 8 0 56 23 55 14 15 63 46
37 29 21 45 44 13 18 43 38 9 14 47 52 15 19 20 31 26 34 54 7 22 46 50 0 10 25 16 4 12 17 33 3 60 32 42 58 23 11 57 59 53 51 8 30 49 2 24 56 41 61 39 62 55 6 48 5 40 1 63
19 34 44 37 45 10 29 53 1 38 41 22 21 13 46 47 30 23 15 20 39 26 51 31 33 43 61 58 52 42 18 59 60 25 17 16 5 40 9 6 7 2 48 62 11 12 0 49 4 56 50 8 32 57 24 3 14 54 55 63
37 43 18 19 26 46 34 44 53 33 41 25 20 10 32 12 39 52 51 59 13 62 38 40 9 14 48 17 11 45 16 49 57 2 21 0 42 3 7 55 8 24 60 1 58 54 29 50 63 15 5 4 47 31 30 6 61 56 23 22
44 43 34 29 51 33 25 59 20 53 30 16 50 37 41 19 38 46 26 23 62 52 42 54 55 45 32 12 13 40 48 63 4 60 24 31 10 47 22 5 61 14 49 3 8 1 17 15 6 57 11 2 0 21 58 18 56 9 39 7
44 43 50 51 18 37 52 61 46 49 59 20 21 30 23 22 13 34 31 38 12 55 48 57 26 9 33 29 60 11 45 53 54 41 32 25 17 16 8 14 3 62 19 10 1 24 7 42 39 47 5 4 15 6 56 2 58 40 63 0
37 43 34 25 19 29 21 22 45 26 50 52 20 44 18 57 41 10 1 14 59 38 17 33 53 60 32 54 23 11 31 30 15 40 3 51 6 24 58 42 61 16 12 13 49 47 46 9 62 39 4 63 8 48 55 7 56 2 5 0
44 29 18 42 34 26 20 37 25 17 46 11 21 30 23 52 9 55 19 13 4 0 43 31 45 53 61 15 1 3 6 50 2 51 60 33 39 62 12 8 57 47 38 14 59 32 16 22 24 5 7 41 40 10 63 49 48 54 58 56
44 29 20 45 30 22 37 13 12 31 46 51 21 26 18 10 6 19 43 38 9 34 59 5 2 55 41 7 17 25 39 0 16 53 23 42 47 8 61 32 24 48 33 15 40 52 3 62 11 14 56 60 4 50 49 54 57 1 58 63
44 43 50 21 34 41 19 26 14 52 18 29 22 30 39 57 17 13 60 11 25 31 37 9 0 47 20 42 12 16 15 53 54 33 49 46 38 23 4 45 55 40 48 8 51 62 61 3 24 1 32 56 63 5 6 59 10 2 58 7
19 34 44 53 33 20 13 12 11 18 37 30 62 2 9 14 3 52 45 42 59 4 29 38 39 61 5 47 51 26 55 32 46 6 22 50 49 23 60 58 57 31 25 16 40 43 54 41 0 17 21 63 15 48 8 7 10 1 24 56
44 29 18 42 22 26 17 43 50 8 34 51 58 45 53 41 49 19 33 32 11 59 16 12 20 13 37 38 14 54 60 9 25 48 40 62 39 4 24 30 57 10 2 15 52 46 31 0 56 23 21 3 7 1 6 47 61 5 63 55
37 45 26 20 53 25 18 11 12 54 10 2 55 44 17 34 41 9 8 16 32 29 21 63 4 61 52 59 60 47 43 42 58 0 51 30 23 48 40 22 33 31 14 13 38 7 19 50 3 24 46 39 5 57 1 15 49 56 62 6
19 18 17 9 44 25 26 29 16 10 20 12 11 53 13 2 1 4 24 33 43 34 21 5 3 8 42 32 45 52 22 46 38 14 7 51 59 47 37 31 50 54 30 0 55 60 6 15 39 63 61 49 62 58 23 41 57 56 40 48
44 45 26 52 37 30 54 20 53 51 43 19 58 46 18 38 21 11 3 12 29 50 59 2 39 17 9 13 5 34 41 10 33 8 1 42 24 61 49 25 16 14 32 23 6 22 15 7 60 40 4 57 48 56 31 0 63 55 47 62
37 29 19 26 18 10 22 45 21 15 30 43 23 14 25 33 50 46 12 51 42 32 60 41 53 38 5 31 40 57 47 6 9 55 2 1 0 48 54 13 20 3 49 58 63 34 56 52 7 8 16 44 61 24 11 62 4 59 17 39
26 20 37 25 12 45 19 18 24 29 44 10 2 1 0 33 40 42 46 11 9 21 51 49 43 50 41 54 53 38 30 22 47 3 62 8 58 57 15 61 17 14 7 48 5 4 52 55 31 34 56 39 23 16 59 63 32 60 13 6
19 20 21 18 44 22 10 11 26 25 13 2 3 5 23 45 9 31 32 17 1 0 39 43 53 37 30 61 14 46 24 12 55 38 60 51 42 29 16 4 62 52 54 50 49 57 6 33 8 58 47 48 56 40 34 15 59 63 7 41
37 45 19 34 41 11 20 38 46 29 3 55 43 2 30 22 15 4 39 14 31 10 21 23 18 7 53 25 1 54 44 61 52 26 60 59 62 33 5 47 40 42 51 32 16 48 6 24 17 58 56 13 12 50 57 0 49 9 8 63
26 20 29 22 37 25 19 43 24 18 12 38 51 32 10 59 46 17 34 11 8 54 55 41 33 16 40 45 3 44 52 53 21 13 39 30 14 5 60 42 62 15 7 47 58 31 50 63 6 57 9 2 4 61 23 48 49 1 0 56
26 34 45 20 33 25 18 29 16 42 30 44 50 41 11 43 37 12 52 10 40 24 4 51 9 23 38 46 49 13 60 2 55 54 17 8 22 6 53 56 48 62 14 58 47 21 15 61 31 59 1 39 57 0 63 3 19 32 5 7
19 18 44 11 26 45 10 52 54 25 43 9 17 24 60 20 0 37 3 1 13 4 8 22 33 63 6 2 30 50 34 21 46 51 29 14 31 53 57 47 42 49 38 15 5 23 61 16 55 40 39 32 56 62 58 41 7 12 48 59
19 20 45 26 37 43 21 54 51 50 33 38 46 59 62 11 53 14 34 52 3 12 22 10 44 23 49 41 39 29 25 47 5 17 57 42 13 18 31 61 9 60 6 4 58 0 1 40 32 7 55 16 24 48 8 2 30 15 56 63
44 45 26 18 19 20 54 25 17 34 21 37 43 52 32 63 33 11 10 8 60 13 30 9 0 42 6 59 2 29 24 40 16 23 53 1 50 12 55 47 61 51 22 3 62 5 46 15 49 48 38 39 31 41 14 7 4 56 57 58
37 29 20 11 21 43 50 38 46 51 44 13 42 57 59 54 22 31 41 30 39 52 55 58 60 49 61 33 19 53 15 62 2 14 5 3 6 45 40 4 10 18 34 47 17 26 56 16 24 8 23 48 0 7 9 32 63 1 25 12
37 43 50 29 18 26 21 38 42 34 19 44 47 20 33 9 51 22 14 25 24 41 49 58 11 52 0 48 23 45 59 30 56 61 60 46 55 15 54 32 39 4 53 12 40 6 2 63 17 16 57 3 10 8 5 62 7 31 13 1
19 34 43 52 51 20 53 18 37 45 21 50 17 11 44 61 41 29 10 59 3 2 62 22 38 47 23 4 39 9 42 48 60 63 40 32 26 31 1 12 46 0 30 33 57 55 13 8 25 24 49 5 54 14 15 7 16 58 56 6
19 34 42 20 37 50 21 45 33 12 13 29 49 26 11 6 38 46 51 5 41 58 53 61 52 30 17 59 39 10 2 3 54 25 14 60 1 40 31 43 32 63 62 0 48 55 4 24 16 22 7 44 18 47 9 57 56 15 23 8
44 43 42 29 18 26 20 53 45 37 19 11 46 10 9 25 60 51 30 62 61 54 24 21 12 33 49 52 41 22 59 39 14 40 31 50 23 3 34 48 13 0 56 1 38 17 32 5 2 15 63 55 6 4 16 57 8 7 58 47
19 18 37 20 12 13 11 4 3 45 14 29 21 5 22 34 53 61 17 16 42 31 44 23 6 10 54 52 7 43 51 41 33 58 1 47 59 9 49 50 25 26 38 48 30 8 62 39 46 60 0 2 57 24 55 63 40 15 32 56
44 29 22 52 19 18 53 10 43 30 61 15 21 20 9 51 12 26 25 5 42 32 14 54 39 50 45 23 63 33 4 55 37 8 34 3 7 6 40 13 59 24 41 38 47 31 2 11 46 49 56 17 58 57 16 60 1 48 62 0
19 20 45 44 43 26 37 11 25 51 10 9 42 46 58 53 30 29 21 24 55 47 3 22 54 18 15 4 13 38 0 62 63 5 31 59 1 23 14 12 2 39 32 17 6 52 33 49 40 41 16 61 34 57 60 50 56 48 8 7
37 29 19 26 18 45 30 9 43 20 10 21 22 23 34 25 14 17 0 50 12 6 51 44 57 5 32 33 11 59 4 2 24 13 15 42 7 41 60 58 16 38 53 56 47 39 48 52 61 62 31 8 49 1 3 40 54 63 55 46
26 20 37 46 38 25 12 29 55 13 22 30 14 43 19 44 24 4 31 15 11 54 45 34 53 3 23 39 42 62 10 18 47 60 6 52 9 41 63 17 50 0 8 49 16 51 56 21 48 32 33 40 58 59 7 2 57 5 61 1
44 45 37 29 20 19 54 43 34 51 52 11 59 41 3 58 12 26 50 61 33 2 57 17 32 46 38 60 21 10 25 49 16 47 62 14 1 24 30 13 40 18 6 9 42 63 8 4 5 56 15 23 31 55 53 22 39 48 0 7
26 34 44 37 43 50 38 20 33 45 51 32 29 42 54 47 18 19 10 9 8 58 52 11 17 0 21 63 3 61 53 12 1 2 40 25 59 30 16 24 14 48 22 7 6 60 49 41 31 13 57 15 23 5 55 4 62 46 39 56
44 43 34 25 19 29 30 52 41 20 21 22 37 18 12 46 11 26 16 5 4 23 10 45 31 1 42 38 39 48 2 13 15 49 54 55 47 24 0 17 40 3 14 8 63 33 61 7 6 51 50 32 56 9 53 59 58 62 60 57
19 18 26 34 33 17 25 21 41 32 9 50 44 1 29 22 30 53 12 5 16 31 0 8 43 14 15 37 48 23 13 42 49 10 3 20 39 57 56 6 45 46 7 38 60 4 52 2 40 55 59 11 58 51 24 54 62 63 47 61
37 29 21 43 50 14 20 19 34 38 10 33 44 1 26 51 22 45 40 25 47 15 11 31 23 2 6 57 53 32 58 46 24 16 39 52 17 48 61 42 7 8 59 18 56 13 3 62 4 55 9 5 12 60 30 0 49 41 63 54
44 45 26 43 53 18 51 61 62 59 46 20 10 37 42 17 8 9 60 25 34 3 38 54 19 39 1 58 63 52 57 41 21 47 29 11 16 13 30 31 48 50 22 12 2 23 6 33 14 24 4 15 5 55 7 0 49 40 32 56
44 29 22 52 26 20 43 30 38 47 13 11 60 34 12 18 2 37 46 31 25 4 14 33 45 50 57 16 41 59 58 21 53 62 61 23 15 56 32 39 54 48 51 42 55 10 17 5 3 7 9 1 19 63 24 40 0 8 49 6
19 20 29 18 11 34 25 9 41 22 0 33 30 12 14 16 17 32 43 50 13 15 44 6 57 38 26 10 3 2 5 24 21 53 1 42 49 37 62 48 23 51 56 52 45 4 39 31 47 55 58 46 61 54 40 7 8 59 63 60
19 18 44 43 17 53 26 37 51 10 20 34 52 21 38 59 50 41 11 29 12 46 3 45 49 48 55 16 61 5 14 30 25 2 8 62 42 54 63 7 56 0 4 33 1 13 57 24 15 9 22 47 40 23 32 58 39 6 60 31
37 43 50 45 44 38 42 34 19 58 41 33 26 10 54 49 39 18 11 46 55 21 29 22 9 47 30 20 40 0 14 3 56 51 60 32 25 7 8 17 4 59 2 1 57 24 16 61 53 48 12 62 63 5 31 15 6 13 52 23
19 34 44 11 18 21 33 26 4 43 12 25 20 10 51 32 41 50 40 52 42 29 2 13 61 9 59 49 3 60 6 17 58 14 48 56 37 53 45 57 0 54 15 38 46 7 47 22 23 5 1 30 24 8 39 63 31 16 62 55
26 18 19 20 11 25 17 34 21 10 33 22 23 24 9 3 44 53 1 29 37 42 41 38 49 40 16 51 32 58 48 8 56 15 52 31 13 12 54 30 39 50 43 14 59 45 46 61 4 63 2 55 60 5 57 0 6 7 62 47
26 20 21 34 44 52 29 22 14 18 17 25 12 43 60 7 33 42 23 61 41 51 6 19 10 45 37 59 50 11 46 16 8 24 3 32 48 38 47 13 49 2 30 31 53 15 9 57 5 39 40 55 58 4 56 1 54 63 62
37 43 26 38 51 20 39 34 29 18 12 45 17 21 52 47 31 42 25 53 41 19 13 24 22 5 6 14 9 61 4 49 59 23 57 16 7 54 46 11 8 15 10 48 33 30 63 2 3 50 44 40 56 58 62 60 0 1 55 32
26 34 44 20 33 25 12 13 14 40 19 29 17 11 16 9 22 45 21 38 37 4 24 30 3 52 5 41 46 23 43 2 42 6 8 55 61 18 15 47 48 59 32 51 31 49 60 50 1 53 54 39 10 58 63 56 57 7 0 62
26 34 44 20 12 45 42 52 53 29 37 11 10 46 18 25 22 30 17 14 24 41 39 49 43 61 15 33 60 59 51 9 19 58 38 2 0 5 6 31 57 55 21 54 13 48 4 23 40 1 63 3 47 7 50 16 56 62 8 32
26 18 19 20 37 33 17 43 44 16 10 52 40 38 29 9 11 34 47 12 25 32 3 22 53 45 51 58 2 54 63 39 13 6 31 50 24 8 30 1 61 48 14 21 49 55 0 46 56 5 62 42 59 60 15 4 41 7 57 23
19 18 17 20 37 11 10 29 21 25 2 4 33 22 12 1 15 42 30 13 34 41 51 38 49 24 9 50 14 57 45 7 32 26 0 43 47 8 59 58 5 40 56 52 3 23 48 44 16 53 61 62 63 60 39 46 55 54 6 31
26 20 13 25 37 12 19 6 5 11 4 43 34 21 18 29 22 38 32 9 47 16 24 23 10 39 8 17 52 42 7 0 30 2 3 33 15 40 1 14 41 55 46 51 59 61 49 44 31 60 50 45 62 58 56 57 54 63 48 53
44 45 26 34 46 54 42 33 62 49 56 50 32 18 25 63 51 47 38 43 29 20 19 10 41 24 16 57 2 1 53 3 21 52 61 12 13 60 22 9 5 39 17 15 58 11 31 6 37 40 59 14 7 55 4 30 0 48 23 8
26 18 37 25 9 11 17 34 24 16 41 29 30 32 33 0 1 38 40 2 44 42 49 48 43 50 39 53 51 60 19 22 57 10 21 20 58 31 13 46 4 45 54 47 12 61 55 52 63 3 14 5 8 15 59 62 56 23 7 6
26 34 44 37 43 19 20 18 41 42 30 45 33 38 17 29 21 31 50 12 53 16 5 4 10 49 54 62 51 3 48 32 14 46 47 55 1 6 40 52 11 57 61 39 25 2 24 7 63 0 8 59 9 60 23 56 13 22 15 58
37 29 19 43 21 38 39 22 44 47 30 45 15 18 53 52 50 61 17 11 10 23 26 7 4 8 25 33 62 51 32 31 46 24 58 9 40 41 34 1 48 12 16 42 20 3 54 5 60 55 2 59 13 56 49 0 6 14 57 63
26 18 44 45 19 20 21 52 12 22 13 33 17 8 60 5 4 37 43 11 25 32 24 50 42 16 14 6 46 30 9 3 57 0 34 41 23 53 51 39 7 29 62 61 10 15 48 58 47 31 59 56 2 1 54 49 40 55 63 38
19 18 37 20 11 2 12 21 9 44 13 16 26 46 10 4 0 1 14 34 42 22 55 3 45 6 43 52 5 17 60 50 30 8 7 38 41 59 25 29 24 47 39 61 31 15 23 32 40 48 54 51 33 53 57 63 56 49 62 58
26 18 19 34 9 20 43 42 13 12 45 10 41 54 63 8 2 6 16 24 25 17 21 0 1 32 3 22 11 4 5 48 40 52 33 37 29 46 7 49 15 23 31 44 30 14 50 58 61 39 57 59 53 56 38 60 62 51 55 47
26 34 43 20 19 10 45 37 29 38 22 21 30 33 39 52 51 47 41 44 53 48 31 46 17 15 25 23 13 4 40 50 5 16 24 32 49 18 12 3 42 59 8 60 58 56 11 2 62 61 1 63 57 9 14 0 54 55 7 6
37 45 19 18 53 34 26 20 12 54 42 10 29 46 2 41 43 21 55 25 40 9 44 63 17 52 61 30 60 11 62 50 3 47 13 22 39 16 14 51 59 4 24 31 6 38 15 1 49 5 33 48 8 32 56 58 57 23 7 0
26 34 45 19 18 21 29 20 14 30 31 17 12 13 5 22 11 4 25 15 33 39 7 43 6 54 10 3 16 41 42 24 8 32 48 0 23 9 2 49 44 1 37 38 52 46 50 61 63 62 59 56 51 60 58 40 55 57 53 47
37 45 26 34 53 54 55 20 29 18 12 61 33 13 19 47 17 16 39 11 52 41 42 40 3 59 21 30 10 46 8 43 24 2 1 63 50 4 22 25 38 9 5 23 62 44 31 51 49 0 60 58 56 6 15 32 14 57 48 7
19 20 21 12 13 26 44 6 3 5 11 22 4 34 33 2 30 39 18 25 10 17 16 53 14 45 1 0 23 24 43 52 62 37 51 40 38 15 8 42 29 60 59 31 49 58 32 61 9 46 48 56 54 63 7 50 47 41 55 57
26 18 10 9 8 34 45 20 33 54 17 32 42 25 13 1 44 50 63 29 49 3 11 52 37 43 51 46 47 38 61 57 31 19 16 41 56 12 22 21 24 39 40 60 4 2 30 15 53 14 23 62 59 0 7 6 58 5 55 48
19 18 44 20 9 37 38 34 10 45 26 43 33 41 49 17 54 30 52 40 32 1 0 42 2 25 21 11 12 39 8 61 46 13 29 22 31 47 62 55 4 23 14 7 53 58 57 48 6 60 51 3 59 16 50 5 24 56 15 63
44 29 21 13 30 31 20 43 42 50 6 34 14 7 38 12 41 26 22 39 59 5 25 33 40 19 37 52 51 45 11 24 46 58 18 47 17 2 57 3 54 23 4 48 49 56 15 53 60 9 8 55 32 61 10 16 62 0 1 63
37 43 18 38 44 29 42 26 45 50 58 54 20 34 25 51 63 24 30 31 39 52 46 10 9 47 59 60 61 49 23 0 21 62 48 15 55 22 19 12 1 56 53 11 4 13 33 40 7 57 14 2 17 8 3 5 32 6 16 41
26 34 45 18 33 29 9 42 19 25 37 41 49 50 51 60 30 38 17 24 46 31 21 12 14 54 23 44 39 10 58 7 52 1 3 56 40 22 53 59 13 57 43 61 62 55 8 63 47 32 20 6 16 5 0 15 48 4 11 2
19 18 37 20 11 45 21 38 26 22 29 34 17 8 41 30 16 42 47 39 43 13 53 10 31 51 33 12 59 24 15 48 14 44 9 32 50 7 6 2 40 60 4 62 58 54 25 46 63 23 55 5 56 3 52 57 0 1 61 49
44 29 21 13 22 30 20 43 31 45 6 15 14 12 26 18 3 17 4 23 34 39 38 5 50 2 10 42 9 57 41 16 25 11 53 37 46 61 8 47 58 24 52 51 1 0 19 33 55 59 54 40 32 62 48 60 49 7 63 56
19 34 44 37 42 51 53 33 30 38 49 23 41 10 24 52 45 32 29 50 60 48 56 25 43 57 11 21 40 3 58 62 31 61 1 17 18 26 9 8 16 59 14 7 20 39 22 15 0 12 4 46 55 54 5 2 63 13 47 6
26 18 44 34 9 37 41 33 17 48 38 19 32 20 42 45 11 43 13 39 54 52 53 12 29 62 5 4 50 40 60 16 31 1 0 14 51 46 3 23 21 59 63 2 61 47 10 22 30 55 6 15 56 7 58 25 8 49 57 24
37 45 44 29 22 30 19 15 46 26 17 43 42 10 11 34 25 51 3 53 52 47 55 63 23 31 21 8 59 33 41 14 20 50 38 40 7 61 60 1 18 2 32 48 16 4 62 54 49 58 0 9 56 57 24 13 5 12 39 6
37 29 22 42 18 19 20 11 26 25 44 21 10 23 34 41 32 16 12 43 49 3 40 50 51 38 45 57 30 17 1 33 5 54 15 4 46 2 8 58 9 0 59 39 13 52 47 31 60 6 56 53 55 62 61 48 24 63 14 7
37 43 50 21 19 42 20 11 10 13 22 31 3 51 34 25 52 38 26 57 44 29 39 2 58 41 40 46 12 59 55 30 1 53 45 32 48 5 14 23 6 47 16 33 24 7 18 49 15 63 60 62 54 17 56 4 8 9 0 61
19 20 37 44 21 18 53 38 34 51 46 62 30 39 52 45 26 42 41 43 50 57 58 10 11 61 29 23 54 22 55 63 1 4 31 59 12 3 13 49 15 33 47 6 5 17 7 14 56 60 8 48 40 25 24 16 9 0 2 32
44 29 21 13 26 43 30 19 14 25 50 37 20 23 18 53 6 51 42 57 52 12 58 17 24 59 54 33 41 62 11 32 45 4 2 16 31 5 40 48 22 7 61 46 9 3 34 60 63 15 56 55 49 38 39 47 8 10 1 0
19 34 42 20 21 12 26 30 14 33 3 29 37 7 43 49 31 5 11 46 40 13 41 50 51 48 18 10 58 23 39 57 56 4 9 47 17 22 25 32 45 54 2 59 44 8 60 53 15 38 1 52 24 16 55 0 6 61 62 63
26 34 44 20 12 25 41 29 21 45 16 48 46 52 19 11 3 54 30 2 53 24 60 62 1 8 43 38 37 42 55 5 40 31 10 61 47 50 18 4 51 13 57 9 63 59 22 39 33 49 0 23 32 17 56 6 14 7 15 58
19 20 45 18 11 2 3 54 37 44 25 42 21 12 5 30 29 22 39 9 43 38 17 14 63 50 23 34 41 32 47 52 59 15 57 16 0 4 40 60 1 51 58 53 33 13 31 48 61 55 7 49 56 6 10 62 46 26 24 8
37 43 18 29 34 45 30 9 19 21 54 63 14 23 17 10 1 7 3 25 11 4 41 20 12 0 31 5 8 48 26 33 38 22 32 47 49 42 15 24 16 39 50 51 40 2 56 44 57 53 52 60 59 46 55 13 61 62 6 58
44 43 42 29 18 50 20 11 30 34 49 48 12 25 2 45 32 13 26 22 53 9 10 33 58 24 40 61 56 52 54 47 6 37 15 31 16 4 60 59 41 8 46 38 17 57 3 51 1 0 39 19 63 62 5 7 21 14 23 55
26 18 37 25 17 9 8 34 33 44 11 30 0 10 19 20 38 45 22 16 51 40 52 53 2 3 21 46 55 1 60 24 42 31 43 12 13 39 29 23 4 50 14 6 32 47 57 63 5 59 7 58 54 41 61 56 49 15 48 62
37 45 26 34 44 43 52 38 30 60 53 54 51 50 42 41 61 17 18 62 29 46 49 25 24 58 9 57 48 32 55 10 2 63 31 22 47 11 20 59 15 13 33 40 4 56 12 8 19 39 16 5 6 23 0 1 3 7 14 21
44 45 37 43 54 21 51 53 20 58 18 46 42 9 62 61 19 10 11 33 14 7 25 26 38 32 60 31 17 52 29 47 55 12 4 5 41 50 1 24 39 30 34 59 16 2 49 48 3 57 13 6 40 0 8 22 23 15 56 63
37 45 44 43 53 62 42 51 61 33 58 21 63 54 24 49 46 52 26 59 50 38 48 60 29 39 31 19 47 25 14 22 12 34 13 41 30 5 18 17 3 11 9 32 16 8 10 1 2 4 40 57 56 20 0 23 7 55 15 6
19 20 29 34 44 45 43 18 10 42 50 26 17 58 54 30 21 2 37 11 1 14 23 51 3 46 55 39 52 53 7 16 61 22 9 6 25 60 59 24 13 4 33 12 57 8 47 40 0 41 15 63 38 5 62 49 32 48 56 31
19 34 43 50 41 18 51 33 44 52 9 32 59 37 45 20 25 17 42 53 46 26 11 54 16 2 58 57 13 1 63 29 4 12 38 61 60 22 62 21 8 10 3 6 48 47 49 40 31 23 39 56 5 55 14 7 24 30 15 0
37 29 20 45 26 11 30 21 13 12 38 18 19 33 3 6 17 5 34 41 52 31 42 47 23 16 8 0 14 25 10 9 32 40 1 22 44 50 58 49 57 15 48 59 60 43 51 4 7 61 24 2 39 46 62 53 55 56 54 63
44 29 20 45 30 12 37 46 38 31 19 18 21 34 10 1 39 13 23 43 33 47 50 51 53 57 26 25 3 4 55 2 42 52 11 40 41 62 54 14 60 22 6 59 49 58 32 24 48 56 9 5 16 61 17 15 7 8 0 63
19 18 44 43 50 21 37 45 14 52 53 46 17 30 55 12 54 42 34 29 13 63 23 26 61 41 51 7 25 31 22 58 11 5 49 9 6 59 1 32 40 47 62 48 39 60 20 3 33 16 56 57 24 2 10 15 0 38 8 4
19 18 17 20 45 26 12 13 34 4 21 25 24 30 6 16 9 32 10 41 33 37 5 7 49 0 22 54 38 42 50 31 46 47 23 57 56 14 55 15 58 11 62 29 1 59 39 48 52 3 60 53 8 2 40 44 51 43 61 63
26 20 21 22 14 18 10 6 7 43 45 37 51 9 5 19 8 53 30 59 12 11 46 2 60 38 54 23 50 52 13 4 42 15 39 0 58 57 34 44 29 25 3 31 1 55 16 24 32 61 41 47 63 48 17 62 49 56 40 33
19 18 26 20 11 42 25 17 43 33 49 50 45 3 21 51 13 56 59 14 34 37 16 8 46 32 57 44 48 58 40 38 53 55 9 52 15 41 29 6 39 54 0 7 62 1 5 60 10 31 61 47 23 30 4 22 24 2 63 12
26 18 19 34 9 20 37 21 45 38 13 12 11 52 33 0 30 17 41 22 31 5 39 3 4 46 53 42 25 44 50 14 2 55 59 32 40 16 7 43 29 54 23 15 8 48 51 61 49 10 6 57 62 24 60 47 56 58 63 1
19 34 42 20 21 11 37 38 46 50 49 54 58 43 41 18 55 48 2 29 33 40 10 14 32 57 30 56 25 13 52 59 5 17 62 1 15 4 16 24 26 45 61 44 53 31 51 8 3 63 47 60 0 12 22 39 9 23 6 7
37 45 26 34 54 17 43 38 44 29 8 53 22 52 33 55 47 15 20 32 42 25 24 21 61 63 14 16 23 31 46 0 39 30 60 13 7 11 6 59 51 10 58 50 2 4 12 3 62 1 9 57 49 19 18 5 56 41 48 40
44 29 20 43 38 22 34 33 41 18 25 11 2 21 13 16 42 48 26 50 57 4 23 37 45 15 49 53 7 51 46 47 9 19 12 32 39 30 55 17 14 6 58 59 5 31 62 56 10 1 0 3 8 63 40 61 60 24 54 52
19 18 44 11 26 45 37 33 25 29 38 47 22 46 3 34 30 24 43 21 54 12 16 63 41 55 17 48 49 4 20 2 52 39 5 50 62 6 57 13 42 8 32 9 14 61 10 1 60 53 0 7 51 31 23 40 15 58 59 56
26 34 45 18 43 52 17 29 10 54 33 25 19 9 42 49 1 24 63 38 40 32 44 20 51 59 58 53 62 37 60 0 41 56 31 48 22 30 46 2 57 21 23 47 3 12 13 8 50 6 5 14 55 16 4 11 7 61 39 15
19 20 13 12 45 14 4 11 5 34 10 2 33 9 23 18 21 15 22 6 3 54 37 31 26 46 7 42 25 44 1 24 32 17 41 16 39 40 50 58 63 62 61 0 8 53 30 51 43 60 52 57 47 49 38 29 59 55 48 56
26 18 44 45 46 43 10 20 29 9 12 17 24 53 62 54 50 61 60 42 37 8 25 11 34 4 19 38 30 32 52 21 13 55 3 33 40 14 1 49 39 16 51 23 0 58 59 47 63 2 57 41 31 22 15 7 6 5 48 56
26 18 44 43 50 25 42 45 46 53 19 54 52 41 62 59 17 20 21 29 60 12 30 39 13 63 24 9 58 37 3 5 49 48 4 32 14 6 31 11 34 16 57 23 56 55 2 33 22 61 8 1 7 15 0 10 51 47 38 40
37 43 18 38 42 19 45 17 39 49 20 29 34 26 21 54 44 46 51 52 16 8 0 12 53 62 61 14 33 60 13 5 7 59 63 31 6 40 10 47 58 23 24 32 11 9 56 30 25 50 2 57 22 41 4 15 48 3 55 1
19 34 45 11 33 37 21 32 42 54 46 55 3 50 49 14 26 25 40 48 38 29 24 41 57 56 63 39 47 44 20 53 58 31 22 17 7 51 10 1 16 13 23 62 61 15 9 59 30 8 43 52 12 4 6 5 60 2 18 0
37 29 19 26 17 10 22 24 21 46 18 14 11 44 9 23 55 2 1 45 30 20 53 38 25 62 4 54 43 3 47 0 15 51 34 52 16 42 31 33 13 12 41 6 60 49 61 63 39 7 50 8 40 58 59 57 56 48 5 32
26 18 19 34 9 11 25 21 44 17 14 0 42 53 1 33 4 51 45 2 62 16 41 3 58 54 46 52 10 63 32 37 8 49 56 60 29 7 55 20 22 61 48 23 24 57 43 30 50 47 13 40 15 59 39 31 38 6 12 5
26 20 45 42 29 44 13 19 12 30 31 21 53 3 14 39 47 5 11 22 49 6 23 18 15 4 17 34 38 33 37 50 58 46 32 8 2 41 7 61 16 10 25 40 9 1 0 52 62 51 54 57 43 24 59 55 48 60 56 63
26 34 41 33 43 19 10 52 51 44 29 11 32 25 18 20 12 59 61 45 60 62 54 47 58 42 50 30 38 13 63 17 8 16 6 21 39 49 24 3 37 22 40 9 15 57 0 46 48 23 53 31 2 5 56 7 4 55 14 1
37 29 19 45 46 26 18 44 51 9 20 38 17 58 0 47 30 31 21 43 42 34 52 13 23 50 33 15 59 22 49 40 12 3 39 53 4 8 16 60 55 24 56 41 6 63 48 32 2 10 62 11 57 54 61 1 14 7 25 5
37 29 20 11 18 26 12 45 44 13 25 43 54 32 4 19 9 21 24 33 10 16 22 15 31 14 50 34 42 30 7 46 53 41 48 58 17 2 55 38 8 40 49 0 1 51 47 5 3 57 6 62 39 56 52 63 59 23 60 61
19 34 44 21 20 11 41 29 14 48 26 52 18 25 3 43 17 9 32 12 42 10 37 45 16 8 40 33 46 38 2 0 24 1 54 53 56 13 47 7 22 4 5 49 62 61 15 31 30 55 59 63 6 60 50 58 51 39 23 57
26 34 44 20 42 25 18 43 24 45 52 59 13 16 50 37 30 11 53 19 2 6 29 38 10 23 41 49 56 32 60 4 48 40 31 1 15 58 51 57 17 46 3 8 33 62 5 9 54 12 22 63 21 61 0 47 39 7 55 14
26 20 21 34 19 25 43 13 5 6 44 11 33 40 32 4 12 41 18 10 2 52 37 24 50 30 14 22 61 59 45 42 23 53 9 1 29 60 16 17 57 54 8 31 7 15 63 46 55 3 0 47 58 62 51 56 49 38 48 39
19 18 17 29 45 42 37 26 33 53 54 8 38 9 21 63 34 46 0 32 25 39 40 30 24 12 41 10 5 49 43 20 16 3 13 44 47 51 60 59 1 50 58 52 23 31 11 2 55 48 4 56 14 57 7 22 6 15 61 62
44 45 37 29 22 52 38 42 18 21 43 47 54 23 41 40 13 46 50 34 51 26 15 61 33 58 57 30 19 59 62 31 39 7 48 24 60 56 32 55 20 63 49 11 12 4 53 14 2 17 3 10 1 9 16 25 6 8 5 0
26 34 41 20 13 19 12 17 33 10 37 42 51 6 18 38 44 40 1 43 50 29 32 5 39 59 8 24 58 60 49 21 4 56 61 3 30 22 57 53 23 25 9 16 52 47 45 15 2 48 31 11 55 0 14 62 54 7 63 46
19 20 29 18 44 52 53 34 60 38 12 11 42 13 4 45 33 21 26 32 17 49 37 25 3 2 30 16 43 50 41 46 8 9 55 54 59 48 39 5 62 47 24 63 10 1 6 58 31 61 51 0 40 14 57 56 22 7 23 15
44 45 26 52 60 59 54 38 58 18 9 20 53 34 29 63 12 0 43 21 13 61 25 4 62 22 15 42 17 33 16 57 47 19 10 41 49 1 46 56 55 48 5 11 40 30 39 32 24 37 31 6 2 23 8 50 14 3 51 7
44 45 37 29 38 46 47 51 22 30 43 34 59 50 41 57 33 53 62 58 19 60 52 31 20 61 23 42 54 25 56 15 14 5 6 11 49 21 3 40 26 7 13 63 32 18 48 39 12 55 16 4 17 10 2 9 1 8 24 0
37 45 44 43 53 46 54 60 34 25 62 63 33 20 12 61 51 52 50 13 26 18 29 49 9 4 6 19 57 14 42 21 38 24 40 41 10 2 5 59 17 16 55 47 3 56 11 32 48 22 30 15 39 58 0 23 31 1 7 8
37 29 21 45 43 30 23 31 19 50 44 11 39 13 34 41 51 42 18 58 54 46 20 10 12 17 6 22 59 60 40 52 16 32 47 53 9 0 24 49 56 3 33 2 8 63 25 1 62 15 61 5 7 57 4 26 38 55 14 48
37 29 18 26 21 30 17 42 39 45 44 38 54 51 43 14 12 13 41 25 58 22 5 53 34 8 23 52 19 55 60 11 63 15 31 49 47 46 20 48 2 4 7 50 57 59 9 56 16 32 10 0 40 1 62 33 61 6 3 24
37 29 20 43 42 12 19 11 44 21 26 50 51 34 5 52 10 2 3 46 22 15 58 1 61 41 30 59 57 38 49 45 48 4 23 31 54 56 18 33 17 47 55 40 39 6 32 16 8 0 53 62 25 24 9 60 13 63 14
37 43 18 19 50 17 10 2 26 46 12 20 9 33 25 8 40 4 29 41 21 11 55 13 16 14 5 22 34 24 6 52 7 42 1 45 30 59 32 47 3 63 51 49 56 31 0 57 38 15 61 44 58 39 53 54 60 48 62 23
19 34 45 37 43 50 29 20 26 22 13 12 11 54 30 3 14 5 10 6 4 33 7 15 53 1 31 38 18 21 32 61 46 42 51 39 47 9 57 23 62 59 44 52 60 63 17 41 58 56 2 24 55 40 48 16 0 8 49 25
44 29 19 26 20 53 25 12 45 37 46 39 52 33 54 17 55 38 10 51 42 60 61 3 50 59 5 43 13 63 40 24 1 57 8 11 58 9 31 23 21 22 34 49 2 4 47 41 30 6 18 62 0 15 7 48 14 16 56 32
26 20 37 42 44 52 51 18 10 38 12 13 33 29 39 11 4 9 30 31 22 14 34 46 53 32 23 50 47 25 2 62 16 55 24 15 41 45 6 8 54 21 58 49 43 17 19 7 0 1 60 61 57 5 63 3 40 56 59 48
26 18 37 34 17 29 21 43 19 38 50 45 44 30 31 23 41 42 15 9 49 22 51 59 46 33 1 58 40 47 60 14 53 20 54 48 7 39 57 62 13 12 63 56 5 16 8 3 4 0 2 61 10 25 24 6 55 11 52 32
37 43 18 19 10 29 34 9 50 1 0 45 21 33 54 26 11 13 41 63 14 49 46 20 17 15 2 55 5 25 22 57 32 40 53 6 7 42 51 30 39 24 58 60 59 44 52 47 61 38 23 16 56 31 8 3 62 48 12 4
44 29 21 13 18 43 30 52 60 39 51 26 17 25 14 53 24 58 42 8 5 10 54 32 3 7 45 63 20 11 19 34 41 40 23 6 55 2 38 4 49 37 48 46 47 59 22 9 12 50 31 15 57 56 33 61 0 16 1 62
37 45 44 43 50 20 53 30 18 19 34 62 29 54 51 9 13 21 11 26 22 59 25 17 42 5 0 33 31 57 52 10 41 16 8 12 4 24 14 15 1 38 58 61 55 3 23 49 47 46 39 60 63 32 40 48 7 6 56 2
44 29 18 26 21 13 34 43 42 51 14 49 56 33 58 52 30 15 7 25 60 22 16 45 20 9 37 17 46 61 12 6 19 5 50 59 10 31 24 11 23 57 3 2 39 32 1 8 40 4 0 48 41 53 38 55 47 54 63 62
26 18 37 29 21 25 9 11 17 45 43 16 8 51 33 13 34 0 20 24 19 41 3 2 22 10 1 4 6 15 38 5 14 44 42 7 40 49 32 31 56 12 48 50 57 58 54 52 60 63 59 61 46 47 30 39 23 53 55 62
26 18 37 43 42 25 9 10 50 45 24 57 2 34 51 20 41 0 59 38 29 21 33 11 22 32 12 16 8 58 13 49 46 15 30 17 56 19 14 6 40 54 47 3 7 39 61 4 23 31 1 63 55 44 5 48 62 52 60 53
44 45 19 52 37 30 38 20 23 29 21 26 43 11 25 39 51 14 12 3 53 59 2 24 5 10 17 13 54 33 41 63 50 7 34 32 57 18 22 62 6 15 1 8 61 60 47 31 55 49 40 4 48 46 42 9 16 0 56 58
19 18 37 29 22 45 26 20 10 21 12 34 42 49 46 3 5 15 44 2 23 43 56 53 41 55 54 4 33 63 13 31 17 40 50 16 25 58 47 24 8 48 1 9 30 38 32 51 57 39 60 11 6 14 0 52 59 7 62 61
19 20 29 22 21 12 13 11 23 6 30 31 45 34 14 38 37 44 47 10 18 15 41 52 2 9 4 33 17 46 54 48 32 39 50 53 51 61 0 60 62 3 59 16 1 43 55 25 42 58 57 40 5 49 24 26 7 8 56 63
19 20 21 34 44 53 43 52 41 12 5 14 37 30 46 25 23 18 9 42 10 11 33 49 13 2 26 15 62 29 16 0 51 55 56 32 17 24 45 40 3 57 38 39 31 47 58 6 48 61 63 22 4 60 8 1 50 59 7 54
19 20 37 18 9 46 13 17 16 10 29 43 2 1 26 33 50 30 11 34 40 52 38 25 23 44 54 55 51 4 21 49 3 41 60 31 39 61 62 47 48 45 53 59 32 5 22 14 8 42 6 63 0 7 58 56 15 57 12 24
19 20 37 44 21 34 41 30 52 12 14 11 4 5 42 51 39 26 38 53 6 7 18 17 3 33 13 40 15 2 60 29 43 61 25 47 50 16 32 46 24 31 9 57 23 22 62 10 58 59 56 54 49 48 55 8 45 63 0 1
26 18 37 25 17 29 21 30 23 14 5 16 9 7 19 2 12 31 32 34 41 3 39 33 40 20 10 49 0 45 13 42 50 51 59 48 11 24 53 22 52 54 43 8 6 44 46 4 15 55 56 38 58 47 1 60 57 63 62 61
26 20 21 22 14 34 30 17 19 11 41 37 45 23 38 44 3 12 43 18 4 29 9 52 13 7 16 46 54 5 59 31 53 2 15 48 39 61 60 51 42 49 10 63 50 24 56 58 8 47 57 0 62 6 33 32 40 25 1 55
37 45 53 34 26 21 41 25 20 38 39 12 4 44 22 43 50 62 61 29 63 47 55 14 33 52 6 40 51 57 30 15 42 60 46 19 32 7 59 49 56 24 10 11 2 1 17 13 18 5 58 48 16 9 23 3 0 54 31 8
19 20 45 18 12 5 17 26 34 37 11 10 21 33 46 25 32 22 4 42 43 40 1 24 6 38 49 8 30 39 41 44 48 14 31 2 29 55 15 47 50 58 9 56 53 16 7 23 51 62 52 0 63 59 13 3 57 54 60 61
26 20 13 42 29 18 44 43 10 6 12 9 14 34 49 41 19 56 50 22 32 48 8 2 25 57 15 45 31 30 17 21 51 24 16 59 54 3 1 5 11 37 23 46 53 62 40 60 55 33 61 47 52 63 58 38 4 0 39 7
37 45 26 38 39 18 10 25 34 9 52 11 20 42 33 54 44 59 53 41 48 49 17 21 57 29 30 61 2 19 22 51 0 3 4 14 63 46 55 8 12 5 13 62 15 1 6 32 50 43 60 58 40 16 47 7 24 56 23 31
19 20 29 22 30 38 12 34 45 11 15 4 33 52 3 18 26 40 46 2 43 44 59 42 41 60 25 54 63 50 51 24 17 32 48 31 9 8 13 0 58 21 16 56 37 23 10 49 61 53 14 6 57 1 5 39 7 62 47 55
26 18 44 25 17 43 24 34 19 12 10 45 53 33 52 51 20 21 22 37 50 57 54 55 59 30 29 2 14 46 11 15 31 61 49 9 32 3 1 39 4 7 60 0 42 13 23 16 62 5 8 56 6 41 48 38 63 40 47 58
44 45 37 43 42 20 21 22 53 52 59 30 34 29 14 26 13 4 12 7 39 31 23 51 6 11 18 25 10 2 38 50 16 15 3 54 49 41 62 57 60 32 24 5 48 8 63 33 40 19 1 0 9 61 56 47 46 58 17 55
37 45 26 18 44 29 20 34 38 30 52 13 9 47 43 42 22 31 15 46 53 19 21 61 55 0 54 14 51 58 50 63 6 11 62 4 5 39 49 40 25 16 48 7 17 8 33 32 23 60 24 12 2 3 10 1 59 57 56 41
44 43 26 19 34 25 17 29 51 50 21 52 30 37 38 9 57 46 24 16 11 3 18 45 8 49 41 32 54 48 2 47 42 61 59 14 20 13 5 58 7 31 56 12 40 0 1 33 60 10 63 39 22 6 4 23 62 55 15 53
44 43 42 51 60 49 41 21 57 37 20 19 26 58 18 40 12 3 52 33 4 10 38 56 17 45 59 46 2 9 24 30 53 61 34 13 14 1 39 32 16 25 48 22 50 5 23 15 6 7 54 31 0 8 29 11 55 63 62 47
