44 29 19 26 17 25 21 8 33 53 37 11 51 38 30 46 62 40 54 39 10 22 34 58 31 1 32 55 47 24 63 41 15 23 45 12 43 14 3 50 9 52 13 42 59 60 57 7 20 4 48 18 49 0 6 5 61 56 2 16
26 18 44 29 20 13 12 45 30 31 14 34 41 19 33 42 38 22 43 53 15 32 37 39 25 51 54 24 61 5 50 40 17 11 4 49 10 23 16 9 52 59 8 0 57 55 60 2 63 62 1 58 6 3 21 48 47 7 56 46
37 43 34 29 20 33 45 19 32 44 18 42 51 50 21 25 49 12 3 46 30 38 41 57 39 11 52 14 59 60 26 31 48 40 23 56 10 1 53 13 61 58 24 54 55 17 22 16 5 15 47 63 6 7 4 2 62 9 8 0
44 43 50 21 19 42 34 52 14 57 58 33 56 41 29 51 60 49 25 22 15 48 59 26 40 7 13 61 20 37 17 5 6 23 46 24 30 53 38 39 45 8 9 10 31 54 4 12 47 55 63 32 3 11 2 16 1 18 62 0
44 43 50 37 46 20 29 55 18 34 11 21 19 2 22 42 30 10 26 17 12 53 52 58 25 51 41 24 1 33 9 8 49 0 4 32 60 40 16 38 39 54 62 45 59 23 56 57 14 7 13 63 15 61 48 6 3 5 31 47
26 18 37 34 25 20 33 42 11 9 29 21 22 16 49 41 32 43 19 17 0 12 13 57 56 6 40 23 10 8 1 2 44 46 55 50 5 48 59 51 31 14 58 30 24 38 45 54 39 4 47 63 3 53 15 52 62 7 60 61
26 18 19 20 13 12 9 6 11 33 34 42 40 41 43 48 37 52 44 38 21 3 49 50 57 22 45 32 23 46 58 30 51 31 61 29 5 0 53 60 17 15 59 4 39 16 2 1 7 62 10 14 24 47 56 25 8 54 63 55
37 43 26 21 50 44 19 30 14 42 53 12 46 45 29 20 5 25 49 3 33 56 41 17 13 38 34 51 11 24 40 10 52 47 58 57 32 22 1 4 9 15 6 54 16 18 48 0 2 8 55 39 23 63 61 31 62 60 59 7
19 34 45 37 46 18 17 38 30 9 26 53 42 16 8 20 12 0 13 50 1 21 60 39 29 52 25 54 63 14 61 62 10 24 31 44 22 11 51 59 47 43 5 15 3 23 58 33 55 57 6 7 41 2 4 32 40 49 56 48
44 29 22 52 53 34 20 62 33 45 19 12 5 4 13 15 21 32 43 11 31 23 46 50 51 39 30 42 2 18 37 59 26 10 40 24 47 55 14 17 9 3 58 7 6 38 25 41 54 57 49 60 61 16 56 48 8 1 0 63
37 43 26 38 42 18 51 25 39 45 17 34 24 29 10 20 52 49 33 59 22 16 12 53 56 15 44 2 61 62 41 32 54 9 50 46 21 19 63 3 4 57 47 60 30 5 14 31 8 7 0 1 6 55 11 23 58 13 40 48
26 34 41 19 10 29 43 25 17 1 3 48 12 51 42 49 30 37 38 46 56 5 20 21 40 39 11 24 55 18 23 53 44 52 2 9 45 22 33 50 31 47 61 4 8 32 14 6 13 63 54 62 7 57 16 15 59 60 0 58
44 43 34 41 50 59 18 29 37 26 20 9 57 45 33 12 49 51 10 11 53 52 0 54 2 8 55 58 21 30 38 56 19 22 14 46 3 23 15 32 48 63 16 31 39 7 13 40 1 62 61 42 47 17 5 25 24 4 60 6
37 45 44 43 26 20 51 52 53 38 12 19 18 60 30 54 39 31 55 29 46 11 4 34 33 2 10 3 21 41 25 9 49 47 0 16 23 32 40 22 8 57 48 62 58 17 42 61 24 59 13 1 63 5 14 6 15 50 7 56
37 43 18 21 51 26 20 13 19 17 14 44 34 7 53 52 45 46 59 61 47 41 12 54 22 58 62 31 6 63 50 57 30 60 42 29 39 23 15 5 9 38 40 1 8 10 49 32 3 2 11 0 33 56 24 48 25 16 55 4
19 18 26 34 45 12 11 29 22 10 9 20 33 43 25 42 51 50 5 44 2 59 58 16 37 46 54 17 60 40 52 62 32 57 8 3 48 1 41 38 30 31 47 0 39 13 23 49 61 55 15 63 56 53 4 14 21 24 6 7
44 29 20 45 34 18 38 12 37 46 13 21 14 47 55 54 22 63 11 33 41 49 43 19 48 42 25 26 57 15 53 52 39 6 61 3 5 56 7 30 17 58 50 32 31 60 24 9 51 16 0 59 2 40 4 23 10 1 8 62
19 18 44 43 50 37 26 52 29 17 60 21 38 12 30 45 34 31 14 53 42 33 24 13 10 41 62 7 51 57 23 25 40 22 46 9 16 2 11 20 15 54 61 8 4 48 58 5 3 32 0 49 47 59 56 63 1 55 6 39
26 20 45 25 19 12 11 2 17 33 13 9 29 44 10 6 8 54 43 38 40 34 16 50 21 1 30 32 5 18 41 4 53 61 42 22 0 24 58 59 37 52 49 56 62 63 14 23 47 39 55 48 60 3 15 7 46 31 57 51
44 45 37 29 20 51 30 13 58 31 19 43 12 34 53 61 26 17 42 11 18 59 6 25 16 14 54 49 41 52 3 40 5 8 48 33 38 24 21 55 22 9 50 56 60 23 63 57 62 2 32 7 1 0 4 47 39 46 15 10
19 34 43 20 29 18 21 30 11 10 17 52 41 13 37 16 25 44 38 42 50 33 51 48 31 12 26 58 3 2 60 14 6 39 15 61 46 55 1 4 23 53 47 45 5 59 54 7 22 63 57 0 32 56 24 49 62 40 9 8
19 20 21 18 26 34 45 12 9 13 3 0 42 54 10 25 6 11 33 32 63 17 2 51 24 8 50 5 16 14 4 41 37 43 23 49 30 15 40 1 7 22 60 44 52 53 59 55 48 57 62 61 46 29 47 39 38 31 58 56
44 29 19 52 45 43 21 54 51 58 46 26 20 34 60 12 11 18 5 2 30 38 42 31 25 33 37 17 10 1 16 24 47 49 40 32 9 59 41 55 61 13 6 63 39 50 53 14 23 0 48 62 22 56 8 3 4 15 7 57
37 45 26 34 53 17 44 38 42 51 46 20 43 54 25 29 9 52 59 24 47 50 62 55 33 16 58 39 30 41 61 2 32 10 12 49 40 13 8 11 22 18 19 48 5 15 0 31 1 21 14 3 60 63 56 4 6 7 23 57
37 43 18 29 51 20 19 9 22 11 26 45 2 4 44 21 0 42 34 60 53 15 54 10 50 1 13 38 30 57 58 3 14 6 23 8 7 17 12 61 47 5 62 41 33 40 59 63 24 49 55 31 48 25 56 39 16 52 32 46
37 29 22 30 21 14 18 12 13 42 31 26 11 3 6 19 25 17 4 15 16 23 44 46 38 10 1 9 20 5 55 52 53 45 2 8 60 59 7 39 49 61 54 24 32 51 47 62 50 41 40 33 34 63 43 48 0 56 57 58
19 18 26 20 9 33 11 42 37 21 45 12 13 46 25 53 41 17 22 44 16 8 51 10 43 5 2 49 57 32 3 50 54 63 34 0 55 24 1 58 60 61 59 6 52 23 40 38 39 56 29 47 48 4 15 7 62 31 30 14
37 43 42 41 18 21 20 19 22 9 0 29 45 15 23 31 38 52 34 11 26 44 61 30 48 59 46 13 5 40 10 8 49 58 14 12 1 25 4 3 60 56 50 51 2 33 24 54 53 16 63 32 55 62 6 17 57 7 47 39
19 20 37 44 29 18 43 46 21 42 10 30 22 11 31 34 12 23 13 6 14 39 38 2 50 47 33 41 25 4 26 5 1 9 49 40 55 57 52 53 48 24 3 0 8 45 58 63 51 56 16 32 15 7 17 60 59 62 54 61
44 43 26 45 51 17 46 21 25 24 20 13 14 52 5 34 42 50 41 38 59 12 60 6 11 2 30 18 37 4 53 48 32 62 19 58 16 39 29 47 3 10 33 22 1 40 55 8 7 15 49 56 9 57 31 54 63 61 23
37 29 21 30 39 44 53 46 20 34 26 31 23 18 38 12 33 42 11 4 41 40 45 22 9 19 47 51 13 25 10 62 32 3 49 6 61 60 58 55 2 14 5 7 63 8 15 50 16 48 0 52 56 54 17 57 43 59 24 1
37 45 26 38 39 31 54 34 41 63 23 17 43 50 51 19 49 57 25 24 52 32 11 44 30 18 10 20 29 3 8 21 13 53 59 46 9 1 61 12 33 42 0 14 58 62 4 56 22 40 48 60 6 15 55 47 7 5 16 2
19 18 37 20 9 43 26 29 34 45 54 33 13 17 10 21 24 16 41 5 46 0 22 3 32 31 23 63 25 55 11 14 51 59 39 15 1 2 44 48 47 42 4 30 50 57 12 40 7 52 61 8 38 6 58 60 53 49 56 62
26 18 37 34 17 16 8 0 33 29 20 11 10 43 44 45 50 42 22 21 51 23 14 19 46 3 15 52 53 57 2 1 49 47 54 60 38 13 59 41 31 9 62 4 48 39 25 58 61 55 12 5 63 7 30 24 32 40 6 56
26 18 10 29 21 13 37 43 34 25 22 2 4 45 50 42 54 53 19 20 24 58 61 5 33 51 60 52 14 49 56 32 11 55 40 30 47 23 44 12 6 63 62 59 38 39 46 15 3 41 17 8 9 16 7 1 0 48 31 57
37 29 20 45 46 38 44 19 34 21 12 43 52 51 47 25 13 60 26 53 42 54 16 17 62 49 8 10 3 4 59 1 41 39 57 18 11 24 31 50 2 30 61 48 32 40 33 14 56 22 15 5 9 58 55 0 6 23 7 63
26 18 19 20 9 17 29 22 44 53 34 42 49 45 62 37 38 56 33 1 54 40 13 46 39 61 32 4 52 21 51 58 43 50 10 55 11 24 59 63 5 14 8 6 30 16 23 31 15 60 7 0 3 25 57 47 12 2 41 48
19 20 13 18 21 43 34 14 22 25 45 10 33 12 4 23 52 37 15 44 38 26 31 3 5 32 51 6 9 39 46 0 2 54 8 60 63 58 7 30 40 1 53 11 61 48 29 59 24 62 47 16 17 41 42 55 50 49 56 57
19 34 43 20 21 50 51 11 41 29 30 59 26 17 37 44 13 33 25 24 57 23 12 10 3 5 53 52 1 48 8 32 49 9 38 47 14 40 39 42 4 45 55 56 58 61 46 7 54 16 22 62 15 2 18 60 0 31 6 63
37 45 19 20 53 38 13 42 43 18 31 61 52 10 11 12 49 39 3 56 47 6 29 46 21 14 30 54 7 51 50 15 5 44 59 34 33 41 48 60 22 25 62 57 16 55 9 4 32 17 24 26 63 8 40 23 0 1 2 58
19 18 17 11 20 34 42 50 4 21 22 9 49 43 58 16 41 33 24 23 13 6 51 57 26 52 61 48 59 60 44 2 8 29 56 25 32 12 15 53 0 31 10 30 46 7 45 40 14 37 39 55 38 47 54 63 62 1 3 5
19 34 45 20 21 14 33 10 11 12 3 26 18 42 25 16 22 4 41 43 51 23 29 48 2 59 7 32 40 5 13 17 50 54 60 37 15 31 63 9 56 1 30 52 6 38 24 61 53 46 47 39 0 55 44 49 58 8 62 57
26 20 13 42 29 22 38 21 44 19 15 34 12 23 14 4 18 52 31 10 11 5 49 50 60 7 43 45 51 56 25 59 48 9 17 39 33 6 61 41 24 30 37 58 8 3 2 32 54 40 46 55 16 1 0 62 47 53 63 57
26 18 44 43 9 19 10 11 4 29 30 3 42 33 12 51 25 45 54 5 41 1 60 32 17 21 2 52 59 50 6 34 0 61 53 24 14 22 13 20 23 7 37 47 55 31 39 8 48 49 58 57 40 63 38 56 16 15 46 62
26 18 10 25 32 9 11 43 44 37 8 0 17 19 12 42 20 4 51 1 41 52 21 16 45 29 30 34 50 38 60 22 2 58 53 3 31 62 46 55 13 57 54 23 15 48 33 24 14 63 59 39 47 7 6 40 56 5 61 49
26 34 41 18 37 29 10 48 21 30 23 44 42 17 40 50 56 9 51 52 43 45 57 58 25 11 1 14 54 39 2 33 59 24 12 49 16 63 46 38 31 3 5 19 4 0 13 32 20 60 62 8 61 53 47 22 15 6 7 55
19 34 43 20 25 11 3 41 21 29 38 22 23 14 48 15 45 12 5 13 6 50 51 18 26 54 10 33 31 17 49 2 30 46 39 4 53 47 62 7 37 60 52 59 42 44 16 32 40 57 24 61 56 8 1 63 0 9 55 58
26 20 37 46 12 19 38 30 10 1 18 44 2 34 45 11 39 9 47 54 42 33 29 31 8 4 53 52 25 17 21 13 23 51 0 55 61 3 58 62 22 50 43 15 32 41 59 14 6 60 24 5 16 7 63 48 40 57 56 49
37 43 34 25 18 11 51 20 26 44 21 42 9 29 50 13 5 57 24 22 4 41 58 2 48 49 40 45 38 56 31 10 17 8 33 30 52 53 14 12 23 47 3 15 60 6 0 1 39 32 46 59 55 61 7 16 19 54 63 62
44 43 26 19 34 45 12 33 53 61 51 29 46 11 62 54 22 37 60 15 30 17 63 50 14 20 49 31 18 6 40 13 16 8 23 24 5 25 21 52 59 32 42 4 10 56 58 38 41 48 7 47 39 1 2 55 0 9 3 57
37 29 18 46 20 11 12 26 10 43 34 19 51 2 13 25 3 5 32 44 30 14 55 22 42 1 9 21 45 50 38 24 41 39 17 49 15 7 0 59 16 52 58 47 53 33 40 61 60 8 31 48 6 23 56 57 4 63 54 62
26 18 10 25 44 43 32 45 54 46 34 19 42 24 53 37 11 1 52 60 2 51 21 29 17 40 38 41 20 39 55 3 30 13 8 9 0 47 49 33 59 22 50 56 14 58 4 6 57 61 31 7 12 23 15 48 63 5 62 16
37 29 21 45 26 22 53 25 18 13 20 43 14 6 30 42 32 19 50 54 34 39 23 31 38 57 5 12 11 52 61 24 58 3 33 10 2 59 4 9 44 15 1 40 16 41 60 17 56 62 48 49 7 51 46 8 47 63 0 55
37 43 26 17 42 29 51 50 44 34 19 45 25 60 38 39 54 46 9 16 57 52 49 62 47 1 33 18 58 59 61 48 10 32 8 63 40 21 14 55 41 53 24 20 22 7 56 30 23 2 6 15 31 11 12 4 3 0 13 5
26 34 44 20 18 52 42 49 13 10 25 12 50 19 53 14 11 24 2 54 32 1 6 3 17 51 21 9 7 16 8 4 62 22 56 0 37 15 55 43 57 46 30 39 60 29 5 45 47 41 33 40 38 59 31 23 58 48 63 61
26 18 19 20 12 10 37 5 13 45 1 33 44 2 4 46 30 43 53 6 34 60 62 29 3 41 7 61 59 11 21 54 25 22 51 42 52 39 23 50 47 14 57 38 49 63 17 55 31 16 24 15 58 9 0 40 32 48 56 8
37 43 42 29 51 34 21 30 33 44 45 46 39 14 19 53 47 31 60 18 12 11 20 49 3 2 23 4 41 48 7 22 56 59 9 32 25 26 15 54 5 16 50 58 55 13 1 57 40 24 17 0 10 63 62 8 38 6 52 61
26 20 21 22 13 19 44 4 11 18 6 33 17 16 14 52 23 7 9 1 40 12 5 42 3 10 49 29 2 56 45 37 24 8 59 31 39 54 43 25 38 53 0 34 46 51 32 15 30 41 58 50 48 57 63 47 62 60 55 61
37 29 21 30 18 45 39 43 38 44 20 14 7 22 53 12 11 46 23 60 62 10 47 25 42 15 3 51 31 61 52 33 13 55 50 54 9 26 59 0 49 41 17 16 19 1 63 32 24 57 40 58 48 34 8 56 5 4 6 2
37 43 18 21 29 19 34 25 26 11 14 22 41 6 16 42 9 48 20 0 23 15 44 13 50 59 3 12 2 10 4 17 5 8 24 52 58 45 32 38 53 46 55 31 54 40 49 57 1 30 60 61 47 51 39 62 56 33 7 63
19 18 37 20 11 4 3 34 29 2 25 9 33 43 0 32 42 13 51 38 16 60 17 50 44 10 57 1 59 53 12 21 39 47 61 58 55 26 52 46 24 41 49 40 54 62 48 56 45 8 22 30 63 15 23 31 14 7 6 5
37 45 44 29 19 34 46 54 53 38 21 60 33 18 61 22 17 62 23 9 39 16 26 52 8 32 40 25 59 51 63 31 24 12 5 13 20 41 11 15 10 1 0 47 58 2 30 50 14 3 49 57 43 4 56 6 48 55 42 7
26 34 42 33 24 49 45 18 41 40 51 43 48 32 9 59 57 37 44 10 30 19 25 56 11 38 39 2 58 3 17 23 4 20 13 54 63 6 52 31 1 16 21 29 12 5 47 8 0 22 15 53 50 62 14 61 7 55 60 46
37 29 18 26 34 25 32 41 43 45 54 53 30 9 20 23 44 21 22 55 0 33 49 40 31 16 46 57 63 50 17 1 48 39 61 52 60 38 59 51 8 12 4 19 24 13 14 5 15 7 11 3 6 10 47 62 58 42 56 2
37 29 19 26 33 25 20 11 30 43 24 40 42 22 44 50 12 45 14 41 38 18 4 9 17 3 49 47 10 58 1 2 54 16 31 0 53 63 56 48 55 32 39 61 51 13 46 5 21 60 8 34 52 7 6 59 57 62 23 15
44 45 19 18 46 43 26 52 59 11 12 25 10 3 42 53 9 8 20 60 61 4 37 17 0 38 34 1 21 47 5 50 33 24 41 40 48 58 51 56 57 22 39 55 49 6 16 31 23 62 32 29 13 14 63 30 2 54 15 7
37 29 20 11 19 18 10 43 42 45 3 1 9 17 8 4 12 41 30 21 38 5 54 39 51 63 14 60 26 50 59 16 32 34 44 58 47 40 24 23 53 52 13 2 25 0 31 22 7 6 33 46 49 48 15 57 56 62 61 55
26 20 37 25 21 44 51 14 17 43 33 46 19 10 7 50 18 45 49 34 30 52 54 48 42 24 8 13 1 23 55 16 41 2 61 38 58 12 6 47 11 4 60 53 3 0 22 5 15 29 40 39 56 57 32 59 31 63 9 62
44 43 50 53 45 51 61 21 42 54 59 41 33 52 29 25 63 30 37 57 26 46 24 62 32 17 47 60 9 38 20 40 18 31 14 22 39 1 10 58 48 19 49 6 12 16 3 11 4 23 15 5 55 8 34 2 7 56 13 0
26 18 19 34 42 12 44 37 21 52 25 43 11 20 13 5 61 41 50 30 45 53 40 2 38 32 51 17 16 48 8 6 3 58 33 10 54 4 22 55 62 24 63 31 49 56 47 60 1 59 23 39 46 9 7 15 29 14 57 0
44 45 26 20 12 18 46 13 19 54 62 63 14 43 21 34 9 10 1 2 17 7 41 61 29 25 52 30 11 37 51 50 32 24 16 53 57 49 59 5 23 3 22 38 48 8 15 33 39 42 0 31 4 58 6 40 47 60 56 55
37 43 42 29 44 51 21 34 26 22 45 33 30 19 10 11 32 14 12 24 6 1 52 41 49 57 58 7 25 31 40 46 20 48 47 5 4 18 23 50 38 55 39 13 3 61 9 59 63 8 53 17 56 62 0 2 54 60 15 16
26 34 44 20 33 29 22 52 19 25 53 11 51 30 21 32 37 15 18 10 31 62 13 50 42 38 1 14 3 43 46 41 59 54 55 5 40 2 58 49 39 17 45 63 16 4 6 23 56 47 48 24 8 9 12 0 7 57 60 61
26 34 41 33 43 19 45 48 32 20 49 52 59 61 25 44 12 16 51 42 17 58 50 18 11 40 37 10 9 5 53 2 57 62 21 46 56 29 30 39 55 38 31 22 4 47 15 13 54 23 0 7 6 24 14 1 3 60 8 63
19 20 13 26 44 12 4 45 17 25 46 43 42 54 34 41 62 9 53 47 33 6 22 18 37 21 40 51 60 52 10 38 0 23 31 63 8 58 24 32 15 2 61 3 1 50 55 5 14 59 11 48 39 29 49 16 30 7 56 57
26 18 37 25 17 16 19 29 8 9 24 20 22 46 21 43 2 10 44 15 38 45 55 0 11 42 51 34 33 13 30 32 5 60 52 12 50 14 6 58 1 31 59 7 61 23 41 54 63 62 53 4 3 40 49 48 57 56 39 47
37 45 19 18 44 20 26 29 13 43 46 6 51 25 24 32 34 47 16 52 21 38 17 9 55 59 58 12 60 41 33 10 49 22 42 50 23 40 2 30 39 54 61 1 14 53 48 57 11 15 7 3 0 8 56 62 31 4 5 63
19 18 26 34 42 50 49 20 37 48 33 43 12 13 56 17 40 11 10 25 9 2 21 8 4 38 14 24 32 29 0 7 30 22 41 51 16 57 60 6 45 1 31 15 46 47 44 59 3 53 61 52 58 62 23 5 63 54 55 39
19 34 42 20 21 29 33 49 37 41 48 26 51 44 50 40 18 30 53 10 32 25 38 12 4 13 14 45 11 39 54 5 46 52 31 17 6 43 9 16 22 1 60 56 3 63 2 59 62 55 58 24 47 7 8 23 61 0 15 57
44 45 46 20 21 22 19 42 43 18 11 34 41 10 9 53 60 17 26 49 23 33 50 59 37 47 57 13 54 58 25 51 38 2 12 31 5 14 52 4 39 15 29 61 55 24 7 63 62 3 40 8 30 56 16 48 1 0 32 6
19 20 37 44 13 34 33 42 50 30 46 49 56 26 43 41 51 29 17 52 60 11 21 55 38 59 39 57 12 18 3 16 8 22 23 9 10 32 25 4 45 14 5 53 48 40 58 2 31 6 0 1 7 15 61 47 24 54 63 62
26 18 44 45 46 43 10 54 63 53 62 47 39 20 37 30 19 17 21 1 9 55 12 4 34 14 51 33 11 0 25 60 61 59 41 2 16 52 13 32 40 24 15 49 29 7 22 8 48 5 57 56 50 38 31 58 23 42 3 6
26 20 37 34 19 18 13 45 17 25 54 29 21 12 11 8 41 42 49 30 16 44 46 24 38 4 9 55 39 48 40 32 10 50 53 62 52 51 43 31 47 3 23 2 60 22 33 59 0 1 5 14 58 57 56 15 6 61 63 7
26 20 21 22 12 4 45 25 14 29 19 43 17 42 24 10 38 8 11 6 15 54 44 33 63 30 5 2 51 41 1 46 53 61 7 62 40 50 39 52 59 13 9 49 3 34 23 32 37 16 56 48 0 18 57 47 55 60 31 58
26 20 21 34 19 12 37 14 44 11 33 43 13 46 4 3 2 40 30 52 42 22 18 38 55 25 32 49 61 5 50 57 39 54 31 9 10 41 29 24 51 53 59 6 48 60 8 17 16 62 45 56 7 58 47 0 1 15 63 23
26 18 19 20 29 43 10 30 31 21 12 34 50 44 25 4 3 38 37 45 39 51 58 17 16 8 0 22 23 59 60 13 33 47 42 52 55 24 14 11 2 46 54 6 53 15 7 9 1 63 32 49 41 40 61 62 57 56 48 5
19 34 44 37 43 18 25 11 20 52 3 4 60 10 9 12 29 21 22 26 2 17 38 53 5 14 6 45 24 42 30 51 58 8 33 31 47 1 61 50 57 54 0 41 63 23 32 62 15 48 13 7 16 40 46 55 39 59 56 49
26 18 10 29 19 9 21 20 11 14 30 39 7 34 43 4 33 25 8 2 17 22 13 24 1 51 37 3 50 41 52 0 40 32 12 59 38 45 42 5 54 47 61 53 16 31 6 49 44 23 15 48 55 63 46 57 56 58 60 62
44 29 20 11 22 30 18 15 12 26 21 53 37 10 31 45 13 6 14 7 2 23 43 19 54 5 4 55 52 50 46 51 61 3 38 62 59 39 42 60 25 34 47 58 49 32 63 40 56 41 24 57 33 1 48 17 9 8 0 16
37 29 19 26 17 25 21 45 44 12 53 62 34 9 20 42 41 46 49 22 61 56 47 30 11 48 38 13 4 60 23 5 10 3 24 55 50 33 40 39 43 58 59 32 31 14 8 15 18 57 51 16 2 54 0 52 7 6 63 1
19 20 45 42 34 26 18 17 21 14 12 37 25 4 9 16 29 46 13 1 49 30 8 33 15 50 41 43 10 44 5 0 53 51 38 11 31 32 54 47 40 57 3 48 52 39 59 6 7 55 60 23 63 62 24 22 56 58 61 2
37 45 53 34 26 21 29 38 42 61 47 22 20 12 15 23 13 7 31 25 4 6 5 39 11 3 19 14 54 49 50 41 43 44 24 17 46 10 9 30 1 59 52 60 51 63 48 32 58 33 18 62 2 55 40 8 0 57 16 56
37 45 19 18 26 34 43 29 38 51 22 31 59 12 21 44 25 58 39 13 30 42 54 20 14 52 3 6 15 47 17 11 46 32 60 62 53 16 49 50 8 48 2 61 33 5 9 24 41 4 57 1 55 0 7 56 23 40 10 63
26 20 29 34 12 25 43 30 22 37 38 39 24 4 44 21 11 45 33 18 10 42 53 14 7 2 49 51 47 19 50 46 60 62 13 52 15 5 9 57 17 48 54 31 58 40 23 59 6 41 56 16 32 63 55 3 0 8 1 61
19 20 29 22 30 18 26 43 50 17 9 38 16 21 15 23 31 34 33 41 42 39 48 49 37 51 52 58 59 10 57 46 25 32 44 45 12 56 53 0 13 14 47 8 6 5 1 7 11 55 40 61 62 60 54 2 3 24 4 63
44 45 46 43 42 51 18 29 59 52 61 34 26 19 11 50 58 17 33 32 25 57 37 53 9 3 41 49 21 48 60 54 10 13 14 16 40 55 47 63 5 8 1 38 39 0 12 15 20 2 7 22 4 31 56 24 23 6 62 30
44 29 22 45 20 43 42 30 34 49 50 41 54 51 40 12 57 33 52 26 21 53 13 60 59 48 58 32 31 56 11 15 38 55 63 19 25 4 14 17 37 18 9 46 3 62 5 6 47 1 0 10 16 2 61 24 23 8 7 39
19 18 44 20 26 43 34 42 17 37 29 51 45 30 13 25 53 11 12 9 8 46 10 62 32 3 50 14 31 33 59 21 55 16 54 39 23 0 47 52 61 63 7 60 5 2 58 57 41 15 49 40 56 38 1 48 4 22 24 6
44 29 22 43 26 15 51 20 21 50 12 4 13 34 31 59 30 53 11 14 62 23 45 42 7 3 6 18 17 37 10 61 57 24 41 39 46 32 38 47 8 33 52 19 58 54 2 16 48 63 40 56 55 25 5 1 0 60 9 49
37 29 21 45 43 51 42 13 26 41 22 31 15 34 59 52 33 32 20 60 40 17 46 47 44 58 53 61 54 62 38 12 24 23 5 48 56 50 39 25 55 19 18 9 57 30 4 16 11 2 10 6 14 3 63 49 8 7 1 0
44 43 34 45 19 33 42 41 49 20 24 32 37 11 26 46 12 5 4 51 25 18 47 16 9 29 59 57 10 52 6 0 53 13 21 62 50 14 22 60 3 23 1 54 8 58 40 7 61 2 63 38 15 48 30 31 39 17 56 55
19 18 44 29 22 52 17 42 37 30 45 15 60 11 20 51 4 2 49 53 38 9 31 21 3 43 58 16 12 13 5 41 33 47 1 6 26 0 39 10 62 34 55 50 46 14 8 24 59 56 48 54 61 40 25 63 32 57 23 7
37 45 53 38 39 29 21 43 50 51 52 61 42 54 19 34 41 31 44 20 30 49 12 22 57 13 58 47 46 33 24 4 59 40 32 48 26 11 14 7 56 18 15 25 62 63 10 3 60 55 5 23 16 17 9 8 6 1 0 2
26 18 10 9 44 25 17 43 8 53 52 0 62 34 42 61 19 16 33 41 60 11 24 45 48 29 3 49 4 2 37 46 30 12 21 13 54 23 32 63 55 38 22 40 14 15 1 31 20 47 51 58 50 59 5 57 56 6 39 7
44 43 26 29 51 50 37 52 22 30 31 19 45 54 10 38 47 11 61 17 46 63 62 1 34 60 25 55 9 15 12 8 13 39 59 21 18 16 53 0 32 2 57 58 14 6 7 3 4 41 49 42 20 24 5 48 33 23 56 40
44 43 26 19 50 25 24 17 10 53 33 21 34 8 52 1 54 37 38 46 39 62 12 55 60 11 29 5 42 20 3 49 41 47 14 51 57 23 59 18 45 16 7 30 0 56 22 32 63 58 4 61 6 48 31 13 40 9 15 2
26 34 43 50 37 38 45 53 51 29 46 39 41 32 52 18 44 42 33 20 58 25 24 40 48 49 30 22 56 57 11 16 61 21 14 4 9 62 31 54 2 60 17 59 15 0 47 23 19 10 12 7 63 13 1 3 8 55 5 6
19 18 44 20 12 21 9 34 30 4 33 41 11 37 13 25 45 52 51 22 59 10 43 46 6 0 47 58 17 42 16 5 38 26 1 29 40 7 2 60 23 50 57 14 3 55 61 39 53 54 49 56 15 31 63 62 48 32 24 8
44 45 26 34 54 20 12 53 33 41 52 63 48 43 37 18 19 21 55 46 13 42 30 47 17 6 14 32 38 61 50 10 40 56 62 16 59 39 24 4 3 8 9 23 25 2 22 58 0 60 11 51 49 1 5 29 31 15 7 57
37 29 21 43 18 19 34 45 44 13 22 31 42 49 15 26 30 46 33 40 20 53 51 12 5 4 3 9 55 59 6 52 25 24 23 7 58 57 16 2 38 41 17 47 48 60 39 10 32 14 11 63 1 8 0 54 61 50 56 62
44 45 46 20 12 43 34 29 42 33 22 49 56 37 26 50 51 15 38 60 58 18 10 19 32 59 52 31 17 47 55 57 39 4 61 9 53 2 5 24 16 63 11 25 3 62 0 6 21 48 40 1 7 30 23 14 8 41 13 54
44 43 18 21 51 52 29 26 61 30 37 60 59 42 23 9 34 46 10 33 45 31 13 58 20 6 25 24 38 39 47 22 11 55 57 4 32 41 15 19 54 63 8 2 5 12 50 0 16 48 49 14 62 53 3 17 7 40 56 1
26 20 37 42 43 25 41 46 17 49 29 8 55 51 59 40 11 60 56 19 44 13 34 57 6 52 48 12 16 10 18 38 1 32 21 22 33 45 23 58 24 30 39 15 61 14 50 54 62 63 4 9 3 31 47 2 53 5 7 0
26 34 43 50 45 29 33 18 51 52 22 54 59 32 19 20 57 42 12 25 16 15 11 58 63 10 13 3 49 48 61 53 2 5 4 55 6 56 31 9 47 41 40 17 24 21 8 44 30 14 23 60 62 46 37 1 0 38 7 39
44 43 26 19 42 33 11 51 40 37 49 17 60 12 10 56 46 20 24 34 58 8 41 55 30 38 13 32 21 3 25 50 39 45 1 18 53 5 4 29 48 16 14 2 6 22 52 61 0 23 62 59 54 31 57 63 9 47 15 7
19 18 17 9 26 20 13 42 43 16 0 2 37 12 29 51 34 33 59 30 41 14 10 38 45 54 4 52 6 40 47 39 31 61 48 53 49 21 63 11 44 25 60 50 3 23 1 58 22 55 56 5 46 24 7 32 62 57 15 8
37 29 18 44 53 45 21 54 46 38 39 9 62 22 26 31 10 11 0 20 13 52 51 55 47 14 19 59 1 8 16 17 43 33 60 42 58 34 23 6 30 50 25 24 2 3 32 40 63 12 57 41 5 4 7 49 56 48 61 15
44 45 26 52 60 18 37 34 54 29 20 63 21 13 46 38 19 59 58 10 6 53 31 11 30 47 1 9 62 5 42 55 17 0 33 25 12 40 8 43 39 61 32 4 51 14 15 2 22 16 48 49 3 7 41 23 56 50 24 57
44 45 19 34 41 33 54 11 25 29 20 43 10 12 5 9 26 46 3 24 38 13 53 61 51 40 6 49 8 55 52 42 48 59 62 18 16 37 47 22 63 32 15 21 57 56 58 2 50 14 30 60 17 0 23 31 1 39 4 7
44 43 50 21 34 52 29 41 32 48 20 45 19 59 13 26 33 12 3 6 60 25 14 30 37 22 38 51 24 61 53 46 39 5 58 11 47 31 57 49 17 16 54 18 2 40 23 55 15 4 7 56 63 62 10 42 9 0 1 8
37 45 53 43 34 25 26 18 17 16 41 44 10 62 52 21 32 3 19 33 1 29 22 61 8 20 46 11 24 2 50 39 60 30 47 38 23 49 13 55 9 59 12 5 57 0 6 14 54 42 4 31 63 58 51 7 15 48 40 56
37 29 21 30 20 44 22 43 52 45 34 15 42 59 31 25 51 41 49 26 18 9 60 61 13 57 53 38 39 12 19 33 0 14 24 23 54 62 7 55 50 17 56 58 6 46 16 8 5 1 32 3 48 10 11 4 63 2 47 40
44 43 18 29 45 37 46 20 34 25 21 52 53 19 11 3 51 30 32 16 38 39 10 54 26 2 33 41 42 60 48 40 24 50 1 56 49 14 22 15 62 9 47 12 31 23 0 55 6 8 63 61 4 17 57 13 5 58 7 59
44 43 26 45 53 29 30 20 46 19 50 17 25 51 52 60 12 42 8 4 13 58 41 49 5 33 37 21 40 22 3 32 24 62 34 9 15 11 56 47 16 48 10 31 38 18 39 23 55 7 54 2 57 14 6 63 59 0 61 1
44 43 42 51 34 25 19 45 41 18 20 40 9 0 50 59 52 53 17 29 32 49 62 33 46 38 54 47 26 60 21 10 16 63 22 30 37 12 57 58 23 8 1 48 3 56 55 14 15 4 5 61 31 11 13 24 39 6 7 2
44 43 18 45 54 20 51 42 33 63 37 29 26 52 13 34 60 32 38 61 40 50 24 46 59 12 21 58 49 10 9 39 47 53 4 55 19 5 22 41 11 57 62 25 30 3 2 14 6 23 16 17 31 8 1 15 7 48 0 56
19 20 21 18 34 12 29 33 13 14 9 22 38 11 43 17 4 30 2 45 23 51 6 0 16 47 37 31 39 3 54 26 50 46 59 10 44 53 25 15 61 60 62 63 52 1 40 42 49 24 8 5 32 57 7 58 55 48 41 56
37 29 20 43 26 18 44 45 34 19 53 61 52 59 46 21 60 25 11 54 58 10 30 3 42 57 12 55 62 49 56 41 24 5 33 23 38 16 9 17 1 22 13 32 51 14 8 0 31 63 7 6 39 4 2 48 50 47 15 40
44 29 21 13 22 30 19 42 38 10 11 53 1 47 43 14 7 15 31 37 4 12 41 49 20 26 52 9 5 50 51 33 57 59 62 61 2 6 58 56 17 45 46 8 34 54 18 3 23 63 40 60 55 0 39 32 16 24 48 25
37 29 22 46 20 30 19 14 21 26 33 11 38 43 18 17 2 39 47 55 23 12 6 7 25 40 5 10 51 4 31 34 54 59 9 15 41 61 45 44 42 50 63 52 57 0 58 56 3 48 32 16 49 1 13 62 53 24 8 60
37 29 22 44 53 38 43 30 20 11 23 34 46 47 12 4 39 62 26 51 59 50 49 15 33 58 13 45 55 31 7 54 2 18 61 63 42 40 56 32 19 17 25 21 5 10 52 3 57 24 1 60 9 6 41 48 14 8 16 0
44 29 21 45 19 26 46 13 20 42 22 37 38 54 30 52 51 50 53 55 49 60 63 10 58 23 15 48 61 62 18 7 59 17 41 31 25 43 11 3 34 24 47 40 8 33 57 56 1 12 4 16 39 5 6 32 2 0 14 9
44 45 46 54 26 52 37 17 60 47 55 63 42 43 51 38 31 19 20 34 11 30 33 21 23 49 29 39 41 3 10 13 2 40 18 32 8 22 14 59 12 16 48 6 7 1 61 0 9 56 50 4 53 15 57 58 24 62 25 5
26 34 43 20 25 24 21 41 44 53 12 13 18 52 60 61 17 11 51 9 10 3 33 42 62 14 32 50 57 54 48 58 59 49 45 19 6 46 0 1 39 40 15 56 22 37 29 63 55 30 16 38 8 5 47 31 2 23 4 7
19 34 45 11 42 37 29 54 26 38 46 47 39 17 44 49 52 20 12 5 55 43 61 21 41 60 18 50 56 33 3 51 14 40 8 63 4 7 25 10 30 59 6 58 9 32 22 23 57 2 31 13 1 16 0 48 53 24 15 62
26 34 45 18 43 37 9 54 46 20 29 30 33 0 23 31 63 44 38 47 21 13 14 22 12 61 39 6 17 16 10 4 19 11 53 42 25 52 5 15 8 41 1 3 24 32 7 2 59 51 50 58 55 60 48 40 57 56 62 49
37 43 42 45 51 38 39 31 54 29 18 34 30 59 23 49 46 63 33 24 53 19 32 9 52 22 50 21 13 14 5 6 55 12 47 62 48 44 26 57 20 58 60 10 11 4 3 61 0 41 2 17 7 25 56 8 1 16 40 15
26 34 45 19 44 25 17 33 10 12 18 2 24 43 1 21 20 13 41 53 6 37 22 40 32 42 52 16 49 50 62 3 4 59 61 51 38 30 29 23 31 39 8 56 60 58 46 0 57 54 47 5 11 9 15 55 14 48 63 7
26 18 44 34 25 16 24 37 30 53 10 32 42 38 39 17 51 19 8 45 20 11 40 12 3 43 29 2 9 50 49 57 46 1 4 54 52 41 0 21 33 31 58 55 63 60 56 47 59 48 13 14 62 6 61 5 7 22 23 15
37 43 42 41 18 29 30 38 45 22 39 53 51 34 25 44 33 32 31 21 40 17 13 9 1 58 12 5 4 19 24 48 52 15 49 60 14 23 62 54 6 20 63 16 3 55 7 2 0 11 47 26 10 46 50 59 57 61 8 56
19 20 13 26 37 12 25 14 5 34 42 4 21 6 18 44 53 29 22 46 43 52 39 9 11 24 16 62 2 3 7 31 30 47 33 55 51 38 61 8 54 10 17 50 60 58 63 41 0 15 59 45 40 48 23 49 32 1 57 56
26 20 45 44 21 18 53 43 12 13 5 25 34 42 51 62 52 46 37 50 41 30 47 3 19 33 29 54 40 11 49 38 2 57 24 1 10 22 59 60 31 39 23 14 55 32 48 58 9 56 15 4 0 61 17 16 8 63 6 7
37 29 20 43 21 22 44 13 30 45 12 11 53 38 31 46 15 61 47 14 26 18 62 34 17 63 6 7 50 25 24 8 51 52 5 4 59 39 41 60 10 48 32 49 57 42 54 3 33 19 2 9 1 55 56 58 40 23 16 0
19 18 17 11 3 20 21 34 41 33 25 13 26 29 44 42 22 16 43 9 6 10 0 37 12 8 32 52 2 1 24 48 38 4 40 45 59 49 56 31 53 62 61 54 23 15 46 60 51 14 55 50 30 39 57 5 47 63 7 58
44 43 42 51 26 19 12 53 50 21 37 11 58 49 3 17 30 14 48 5 10 38 29 31 22 20 6 57 56 52 4 9 54 62 23 7 46 39 1 45 33 63 55 40 8 47 34 2 24 13 15 32 18 59 41 25 60 16 0 61
44 45 46 52 19 54 62 26 60 63 34 29 17 41 42 10 21 38 37 61 31 25 47 9 48 30 18 13 12 49 50 11 55 43 59 40 2 56 14 3 5 1 24 53 4 57 0 58 16 39 51 20 33 15 6 32 22 8 23 7
19 20 29 18 11 4 45 38 3 44 37 34 31 21 9 47 22 12 42 52 53 25 5 43 59 13 51 10 32 23 33 50 49 17 39 1 14 2 26 61 8 6 60 58 7 16 0 15 54 24 46 40 41 30 57 48 56 55 63 62
19 18 44 11 3 45 46 54 17 38 37 29 47 55 63 52 39 62 21 26 34 30 31 9 60 59 1 42 49 23 58 51 25 33 61 16 40 20 15 22 10 24 8 43 53 2 0 12 41 56 5 32 50 13 4 14 6 57 48 7
44 29 21 45 37 13 30 42 54 38 43 20 41 49 19 23 31 46 57 10 15 22 52 47 11 59 14 2 60 7 12 55 3 6 53 56 51 39 58 61 1 5 62 34 26 33 25 50 32 40 18 9 48 16 17 63 4 8 0 24
19 20 13 42 43 10 49 12 21 50 3 48 44 52 26 17 58 57 29 6 51 30 33 59 8 34 60 32 18 37 2 11 41 9 24 25 38 14 56 22 39 47 7 23 40 4 46 54 16 0 53 31 5 45 55 62 1 61 63 15
26 34 43 20 25 24 29 42 19 44 37 18 10 30 21 11 12 22 51 1 53 62 52 13 38 39 33 41 23 60 16 32 6 4 59 58 15 14 47 8 7 55 45 50 3 2 49 31 54 5 48 57 63 46 56 61 9 17 0 40
26 18 10 20 29 22 30 34 11 17 16 38 42 2 12 43 52 33 25 19 32 1 15 41 3 24 0 50 59 58 57 49 46 45 37 4 48 21 44 60 61 56 14 7 9 39 5 13 40 54 62 63 53 6 23 51 55 8 47 31
37 43 42 45 19 29 44 51 46 53 30 41 40 39 58 26 47 12 60 59 31 61 17 21 62 18 14 20 4 55 34 25 10 22 33 1 52 7 54 5 11 2 63 49 57 24 8 9 32 23 0 48 6 16 3 13 50 38 15 56
19 20 21 34 42 50 49 12 3 56 41 32 37 14 30 18 17 44 51 38 45 26 43 29 33 4 39 59 52 16 22 40 9 2 13 46 7 5 6 61 31 10 55 47 53 15 60 25 8 24 11 54 23 63 48 1 57 0 58 62
19 20 37 44 29 38 39 47 52 18 12 5 17 34 45 31 26 43 41 60 61 33 10 42 4 11 46 9 13 49 1 30 21 25 56 16 2 51 32 22 8 0 59 24 15 6 53 40 50 58 48 57 14 62 63 55 7 23 54 3
26 20 21 34 12 29 42 41 33 4 13 14 37 19 11 25 7 45 30 2 32 44 51 53 10 6 16 9 48 38 3 24 18 22 52 49 5 43 47 31 1 50 61 54 39 23 0 55 58 57 63 8 59 60 17 46 15 62 56 40
19 20 45 10 21 37 18 42 29 11 26 33 4 17 43 46 16 8 2 24 47 44 41 1 30 3 0 52 60 53 54 51 58 59 50 22 23 31 32 61 25 39 62 15 55 38 49 13 34 9 7 40 5 63 12 48 57 14 56 6
44 29 18 52 53 42 20 37 30 38 47 54 26 17 60 19 8 33 45 16 46 62 43 21 34 41 61 0 40 39 11 10 12 51 59 49 23 25 22 31 32 14 1 13 9 15 50 2 57 5 7 63 55 6 4 3 24 58 56 48
37 29 21 43 42 41 50 59 49 57 58 30 48 46 18 44 31 9 51 38 19 20 12 56 22 5 55 52 60 26 33 40 25 23 53 34 32 16 15 24 14 6 47 54 17 11 62 45 7 10 3 4 63 2 13 61 0 1 39 8
26 34 41 17 45 37 44 19 20 42 38 46 43 48 18 49 50 53 47 59 30 33 8 29 24 25 52 60 56 57 58 13 62 61 51 23 40 10 54 31 3 55 39 63 9 11 6 2 22 4 16 0 12 21 5 14 15 1 32 7
44 29 22 45 19 34 26 20 33 42 43 30 31 38 41 50 58 18 37 48 54 46 9 0 40 25 12 17 21 10 16 49 52 24 32 13 6 57 56 62 14 11 3 2 59 61 4 47 60 15 55 63 7 39 51 5 23 8 1 53
19 18 37 43 9 38 46 54 34 11 26 33 42 17 39 0 40 45 8 25 53 20 10 29 3 30 23 4 12 61 51 50 55 22 58 1 63 41 16 13 52 62 60 59 48 49 5 44 6 14 15 57 24 2 47 7 21 31 56 32
26 20 13 25 44 43 34 19 52 61 42 37 17 12 38 46 29 51 4 9 50 58 57 45 47 54 24 55 53 18 59 33 11 62 63 49 10 22 30 23 32 41 40 31 14 6 0 48 60 8 56 21 7 15 2 3 1 39 5 16
26 34 45 17 42 50 25 33 40 32 49 18 10 44 16 46 58 9 24 20 0 19 54 37 43 56 30 41 55 2 21 51 3 14 29 1 57 31 23 12 22 52 8 13 15 39 48 59 5 7 53 47 6 63 11 61 60 4 38 62
37 45 44 43 42 26 51 29 46 55 19 52 33 38 22 34 47 39 59 21 20 14 31 12 4 41 63 25 48 30 24 11 10 49 18 16 23 13 15 5 32 40 50 6 7 54 61 2 53 56 3 17 9 1 0 57 58 62 8 60
26 20 21 34 42 43 52 22 29 38 18 44 14 25 32 49 19 7 45 60 47 54 13 9 53 41 15 61 33 30 10 2 59 11 37 39 55 12 51 5 50 24 56 6 31 23 46 40 62 57 1 0 58 63 17 3 16 8 4 48
26 20 29 18 10 22 44 25 15 9 11 4 8 45 24 52 53 32 46 34 60 21 12 16 42 0 37 41 19 13 1 33 5 6 2 3 17 61 40 59 30 49 48 39 58 31 62 51 55 56 14 38 50 47 43 23 54 57 7 63
44 45 26 34 54 19 18 10 17 63 2 1 33 41 0 52 42 43 50 9 48 40 60 25 8 24 11 56 51 61 32 49 57 59 46 20 53 47 55 3 38 16 29 37 12 30 62 58 21 4 23 31 13 6 5 22 15 7 14 39
37 29 21 30 19 44 53 12 5 43 46 52 13 20 60 26 23 45 25 22 54 34 14 4 41 31 38 24 16 15 17 18 9 39 50 8 51 61 11 10 2 3 0 59 62 48 1 47 33 6 32 63 55 42 7 58 49 57 40 56
44 29 20 13 19 34 12 37 26 52 30 17 6 18 45 21 11 4 33 42 9 22 14 1 51 50 5 24 40 31 0 43 16 10 39 38 25 53 62 3 60 59 61 49 2 8 48 56 54 7 58 57 41 47 23 46 55 63 32 15
44 43 50 53 19 42 51 60 52 45 54 46 34 59 37 55 47 20 29 38 13 18 17 30 23 9 21 57 58 39 56 41 49 16 40 5 22 31 62 32 61 10 25 14 48 15 63 26 11 24 1 12 6 4 2 3 33 8 0 7
44 29 19 43 20 45 22 26 52 11 42 41 34 13 54 38 4 21 12 50 10 3 14 59 18 9 2 63 57 37 5 6 46 47 60 23 53 7 30 62 17 25 55 31 40 32 16 33 39 8 0 1 24 49 56 61 51 58 15 48
44 43 26 19 34 41 12 18 42 37 46 53 25 33 51 38 30 50 17 8 58 49 56 45 9 31 61 29 40 62 52 60 22 59 63 48 47 11 4 23 20 1 54 5 57 55 32 16 24 21 39 10 2 3 13 6 0 14 7 15
37 43 42 29 19 45 46 38 54 52 51 26 22 20 21 62 39 34 50 31 61 10 23 49 18 44 48 57 63 13 53 41 58 25 40 59 33 32 1 56 5 17 24 47 30 55 60 14 6 2 9 11 3 16 8 4 12 15 7 0
19 20 45 10 29 34 33 41 26 44 37 43 12 13 49 22 6 38 42 4 1 48 18 25 17 2 21 50 9 53 15 16 52 23 61 62 51 30 5 11 63 58 59 40 31 7 24 57 56 39 47 32 0 55 3 8 54 46 14 60
26 34 42 20 13 33 43 6 29 38 12 18 22 30 9 44 47 49 52 53 45 46 54 19 50 4 5 17 25 41 57 31 21 11 51 63 37 24 55 61 59 62 3 1 15 2 16 23 32 8 14 58 10 56 60 7 0 48 40 39
19 34 44 53 41 11 20 21 43 42 13 29 3 10 9 40 52 33 54 51 25 2 50 5 1 59 30 55 60 16 49 58 57 61 45 38 56 39 17 46 14 23 47 18 26 24 31 22 15 4 37 12 63 62 6 0 32 48 7 8
26 34 45 19 33 29 20 11 13 40 25 37 2 54 42 3 30 1 24 49 63 17 44 31 18 52 60 10 23 53 39 16 43 6 56 32 38 58 21 50 61 51 5 12 4 62 48 47 7 14 46 22 9 15 8 59 0 57 41 55
44 43 18 53 51 20 29 42 62 45 11 58 54 19 26 22 59 50 57 3 30 34 2 46 4 52 12 38 39 47 15 21 49 63 37 13 23 60 61 48 55 9 40 10 17 8 5 31 41 14 56 1 6 7 16 33 24 32 0 25
37 43 18 38 51 50 49 59 39 48 57 41 33 34 25 29 44 19 26 40 42 24 21 58 16 45 10 17 32 31 9 13 14 0 23 56 12 11 1 20 3 5 30 4 6 8 46 7 54 22 2 55 60 63 47 15 62 61 53 52
19 18 26 20 12 4 17 25 5 6 32 11 44 29 34 13 22 16 2 45 37 41 43 46 14 31 8 0 30 38 9 42 53 10 55 54 52 62 40 50 39 59 3 1 61 33 15 48 63 47 56 51 21 60 49 57 24 58 7 23
19 20 13 34 44 37 41 53 42 12 11 4 45 2 52 18 10 54 38 22 55 9 21 46 47 51 29 63 60 50 23 49 62 40 5 31 1 61 39 15 43 33 58 0 6 14 3 30 57 7 32 48 25 59 56 16 26 24 17 8
37 29 22 45 19 34 43 52 51 18 17 50 53 20 33 16 61 38 57 54 59 32 55 15 21 30 39 14 9 26 13 12 3 4 7 63 10 49 41 48 42 1 56 44 6 11 47 23 8 25 62 2 58 46 40 24 60 0 31 5
44 45 37 29 19 10 20 21 12 43 30 31 42 34 1 41 38 4 52 54 49 11 3 18 2 61 5 26 39 22 23 46 40 56 51 48 13 53 33 32 9 15 7 25 60 17 14 59 24 6 62 50 47 63 57 58 55 8 0 16
19 34 41 18 42 48 37 45 40 11 53 38 46 50 44 55 56 54 49 51 33 61 3 10 39 31 1 20 25 30 23 32 26 24 13 6 29 22 43 4 47 57 15 52 9 7 5 12 58 2 63 62 21 0 59 14 16 17 60 8
37 45 19 38 39 29 20 18 44 31 9 34 47 0 42 30 52 50 22 10 43 53 54 63 49 23 26 46 11 25 16 41 48 40 8 24 51 56 21 1 33 17 2 60 32 57 59 61 15 13 62 58 14 4 5 55 3 12 6 7
44 45 19 20 12 18 46 52 17 54 34 9 1 33 60 53 42 51 41 26 24 21 11 40 29 0 25 58 14 38 63 2 39 4 50 22 30 32 10 59 5 3 37 55 48 61 16 6 13 49 57 56 31 43 62 23 15 8 47 7
19 34 45 11 10 9 43 51 50 54 1 29 12 49 25 41 59 3 8 21 37 26 22 30 23 44 57 15 46 38 55 24 53 58 52 63 33 62 60 17 31 56 5 13 14 7 20 18 32 6 16 0 42 2 4 39 47 40 61 48
37 43 18 29 45 21 50 44 13 9 42 38 53 52 39 51 34 54 19 33 17 57 0 11 26 5 59 8 3 60 25 20 58 2 14 32 62 49 1 10 24 15 40 31 7 46 47 22 63 12 4 16 23 55 61 48 41 30 56 6
26 34 45 21 20 18 14 7 43 52 22 38 17 42 41 25 9 30 50 44 46 0 37 58 16 51 2 29 47 19 23 15 33 53 60 10 31 13 11 32 49 1 6 12 54 40 3 4 5 24 57 8 59 63 55 61 62 48 56 39
37 29 20 11 12 43 10 13 30 21 14 7 34 45 22 9 51 31 53 50 4 33 32 59 38 26 8 61 15 39 57 49 41 44 18 2 52 48 47 5 60 25 16 17 42 23 24 19 46 54 58 40 56 1 62 3 55 63 6 0
37 43 34 25 50 52 19 11 26 17 33 29 18 32 30 31 23 9 24 46 41 40 3 10 39 4 42 59 45 38 2 21 53 54 44 22 58 20 47 13 0 16 60 61 5 49 15 51 63 57 48 56 8 55 12 7 62 1 14 6
37 45 44 43 26 20 13 18 29 30 31 22 51 11 9 52 53 34 41 25 38 47 10 62 16 32 54 61 42 2 19 49 46 21 24 48 17 39 33 5 14 58 1 7 12 40 56 3 15 0 55 4 57 23 8 6 63 50 59 60
26 34 43 18 29 30 33 40 19 20 10 1 13 25 38 46 32 21 31 51 50 42 54 45 60 59 44 24 41 22 2 11 52 63 0 4 62 61 15 39 6 49 58 57 53 9 14 17 56 7 47 23 37 5 8 16 3 12 48 55
44 43 50 53 45 21 20 54 46 19 12 38 47 51 30 39 10 57 59 26 42 55 62 5 17 33 24 41 18 34 3 11 2 37 58 22 29 4 31 32 56 63 13 16 6 25 40 23 52 60 61 1 0 14 15 48 49 7 9 8
44 29 22 43 50 52 19 10 21 15 60 26 20 13 17 24 12 51 18 49 48 59 1 53 46 37 38 4 23 25 6 3 42 55 39 34 8 45 11 5 14 47 7 30 54 31 63 16 2 33 58 56 40 0 9 57 41 62 61 32
26 18 10 9 44 45 37 29 30 21 12 2 46 13 5 54 43 42 41 38 0 34 25 17 55 19 53 49 11 52 24 22 14 40 59 47 33 20 56 31 4 16 51 50 39 58 32 7 1 57 15 48 23 63 3 60 8 6 61 62
19 20 37 34 21 43 41 25 42 13 26 44 6 12 52 49 51 53 16 14 33 48 4 32 40 11 3 10 17 8 0 9 18 30 24 59 58 57 60 50 7 22 45 2 29 1 38 54 56 46 61 39 63 31 47 62 5 15 23 55
37 29 22 30 18 42 20 38 43 26 34 33 45 44 21 25 41 11 16 12 39 46 3 50 57 53 54 24 52 13 9 48 6 14 5 60 23 31 2 58 4 61 32 56 51 7 49 0 17 59 15 19 47 1 10 55 8 40 62 63
37 45 44 43 18 21 52 59 42 19 20 9 46 29 13 11 61 14 34 51 7 6 0 47 5 30 12 41 2 26 50 25 54 63 33 32 38 22 16 31 55 4 23 15 53 49 10 1 40 58 24 60 39 48 3 8 57 56 17 62
37 45 53 54 44 43 42 20 46 38 31 61 52 34 60 50 55 59 33 29 47 51 11 12 41 32 58 49 13 63 26 57 24 22 40 21 62 25 30 14 15 6 19 18 48 10 56 17 9 5 3 23 4 16 8 7 39 1 2 0
44 45 19 43 52 61 51 50 46 38 30 47 59 29 42 53 57 41 60 22 62 21 32 37 39 54 55 18 15 20 13 63 49 58 23 56 17 11 4 26 25 2 3 31 12 48 1 5 34 0 6 40 14 33 10 8 9 24 16 7
26 20 13 42 29 18 34 19 50 25 44 49 16 32 24 51 56 43 40 53 9 33 57 52 60 48 59 37 30 12 11 5 17 3 58 31 45 46 54 21 23 41 55 15 10 0 8 47 22 1 14 39 7 4 38 61 62 6 2 63
19 34 44 11 18 37 20 29 38 53 3 43 30 23 33 47 22 32 45 26 46 10 17 21 12 5 50 55 54 4 61 63 41 51 25 39 14 49 59 9 62 60 48 15 24 57 52 7 0 1 8 42 16 13 40 2 6 31 56 58
44 29 20 11 22 43 34 52 26 41 53 25 50 45 19 12 46 62 10 57 61 21 5 13 37 31 15 47 63 60 51 9 55 18 39 30 17 38 1 33 16 8 54 24 2 14 49 59 6 4 42 3 58 48 40 32 56 0 23 7
26 20 29 34 43 44 42 49 37 17 18 25 41 10 13 45 21 33 2 30 24 12 22 9 32 23 16 1 56 50 48 14 0 11 4 40 59 3 51 5 15 38 47 39 46 7 19 52 8 57 61 54 55 63 31 6 58 60 62 53
44 43 18 37 42 9 46 38 30 52 60 51 26 34 33 45 59 23 19 58 54 61 22 50 49 20 25 21 10 41 40 31 39 29 0 17 14 55 53 24 15 47 57 48 8 2 63 7 62 32 12 16 6 13 5 4 1 3 11 56
37 43 34 41 18 20 19 29 51 38 21 13 14 59 26 11 5 10 1 22 30 7 46 15 42 45 4 55 31 49 54 44 58 2 60 63 50 23 3 57 48 40 25 56 32 6 17 8 52 33 62 53 61 12 16 47 39 24 0 9
37 43 34 41 33 29 21 25 44 22 23 52 30 26 51 38 19 10 24 14 15 18 5 16 45 54 17 46 42 50 53 8 63 6 55 61 1 40 57 59 0 2 3 11 58 56 48 60 47 49 31 4 7 13 32 9 62 39 12 20
44 43 34 25 26 45 51 29 17 59 24 18 11 37 54 53 38 20 42 47 62 30 46 63 60 61 21 33 39 23 41 32 13 4 55 40 22 15 52 14 48 12 3 19 49 57 5 8 50 58 31 56 16 9 7 10 1 0 2 6
26 20 21 18 10 25 17 22 19 9 44 52 8 11 14 29 33 6 4 24 7 16 45 3 30 1 0 5 13 31 37 23 34 42 12 38 54 53 43 2 40 55 49 50 51 56 61 60 39 32 47 58 48 62 63 57 59 41 46 15
37 29 18 43 51 45 38 31 54 52 21 9 19 13 14 50 46 26 30 20 0 44 6 17 25 53 62 23 10 55 22 24 57 5 59 8 16 2 3 58 12 11 4 1 34 42 33 61 63 56 60 7 49 40 15 32 39 41 47 48
19 18 37 11 9 46 4 34 20 12 29 13 14 2 41 0 42 6 26 33 45 49 50 10 22 53 24 58 61 32 47 16 25 3 57 56 21 48 8 7 43 54 55 51 30 15 44 5 17 31 23 39 60 59 38 63 1 62 52 40
19 18 17 34 43 50 51 52 41 32 61 33 48 49 45 29 37 38 46 21 25 9 22 59 47 31 16 23 1 54 55 11 39 0 53 44 13 4 42 58 3 20 14 15 7 40 60 63 6 30 2 62 24 12 5 57 26 10 56 8
37 43 42 45 19 11 34 46 52 59 3 25 41 18 38 40 9 44 53 60 48 30 61 33 29 56 47 4 16 0 26 32 17 54 10 20 58 12 22 8 62 1 13 14 21 51 50 63 24 2 15 39 23 6 31 55 5 49 57 7
26 20 45 34 19 25 17 10 12 43 42 37 21 54 16 24 38 13 8 11 50 33 5 31 41 44 1 18 29 22 32 9 15 23 0 30 4 40 48 2 52 3 49 59 60 6 39 57 14 51 7 46 47 53 61 63 58 56 55 62
44 45 26 43 53 61 37 29 51 19 62 18 22 34 30 59 60 21 46 31 10 38 13 54 25 52 63 1 9 12 50 17 8 42 5 33 16 20 55 15 2 47 32 0 14 3 49 39 23 41 57 7 58 56 11 4 24 40 6 48
19 34 45 20 12 21 18 11 4 9 17 44 37 29 51 16 43 54 0 52 53 46 30 10 47 14 63 5 38 39 31 1 50 2 6 55 33 58 3 41 7 26 32 13 25 40 48 60 42 49 22 15 23 24 56 57 61 62 8 59
37 45 19 34 43 38 29 10 54 30 11 50 41 33 25 26 1 16 59 53 51 42 18 49 46 2 21 60 44 13 56 58 48 39 14 62 5 4 63 7 52 0 55 40 17 61 31 6 24 8 47 22 32 20 57 23 12 9 3 15
37 45 19 29 30 23 38 31 53 34 42 26 17 50 39 47 20 61 49 48 54 52 33 13 58 32 44 43 12 18 40 8 25 55 56 4 51 16 41 10 46 57 21 14 11 59 5 2 24 3 63 22 0 6 7 62 60 15 1 9
44 29 21 43 37 22 23 38 42 50 57 51 45 14 19 11 5 41 20 52 46 58 49 12 10 15 3 4 39 47 13 26 33 32 60 59 40 24 34 25 54 6 55 53 18 31 17 61 30 48 7 9 56 63 2 1 62 16 0 8
37 29 19 43 30 38 47 34 51 22 25 33 32 45 46 31 39 26 54 42 41 10 20 62 55 11 15 40 23 49 63 24 1 44 2 18 61 12 50 3 48 58 16 14 4 9 8 0 21 5 60 59 13 53 6 7 56 17 52 57
19 20 45 42 21 44 52 37 46 14 22 10 6 7 43 18 17 13 49 51 3 16 50 31 26 25 8 55 12 34 23 56 24 9 33 5 38 58 57 32 40 11 1 30 60 29 15 54 53 59 63 62 48 41 39 47 61 2 4 0
37 29 19 45 22 21 38 47 20 26 17 25 53 61 34 18 16 8 46 12 3 43 50 54 0 42 44 23 11 10 62 5 4 32 13 60 1 63 24 52 40 2 30 33 39 51 41 6 9 48 55 31 7 59 15 14 58 57 56 49
19 34 44 20 18 21 26 52 22 10 25 17 29 32 1 13 43 42 8 30 37 31 53 62 51 38 12 59 60 2 5 61 47 3 23 11 58 57 33 15 4 14 54 24 7 41 49 6 45 39 46 56 48 55 63 50 9 40 16 0
26 34 45 17 33 40 32 44 52 19 10 11 25 41 50 24 12 37 30 54 53 20 9 48 55 16 42 3 49 56 1 29 8 51 58 59 60 5 57 61 13 2 18 23 62 43 21 4 31 38 0 47 39 14 63 46 6 22 7 15
37 29 21 45 26 22 53 13 44 42 5 25 31 46 49 43 47 55 39 56 17 9 19 30 24 14 23 52 41 15 51 4 34 33 12 7 3 58 50 10 38 20 1 54 60 6 40 18 8 59 57 16 61 0 11 32 63 62 2 48
44 43 42 29 22 49 18 45 52 53 34 26 54 63 37 38 19 12 41 30 46 33 20 55 17 51 58 31 40 48 4 14 62 57 23 13 25 24 32 60 21 10 6 61 50 7 15 3 47 16 59 5 8 39 9 0 2 1 11 56
37 45 19 34 42 50 41 38 43 20 21 10 29 26 39 48 11 30 9 3 2 51 57 46 18 49 54 1 44 17 56 52 61 60 40 33 16 12 4 24 5 25 13 63 14 6 32 62 8 0 59 58 31 23 15 7 53 22 47 55
37 43 50 51 26 19 52 33 11 29 22 45 38 54 17 25 41 44 34 30 20 46 39 59 47 58 62 32 49 24 53 63 21 60 42 55 16 12 40 56 13 8 57 4 9 10 0 5 61 48 3 31 2 14 6 18 23 15 7 1
19 18 17 43 42 11 4 34 44 21 14 51 60 29 20 53 38 9 0 37 50 10 2 30 23 39 25 49 46 13 45 16 48 1 22 33 8 62 12 59 32 41 52 47 26 56 61 31 54 5 55 6 15 7 40 24 63 3 57 58
19 18 37 43 42 41 26 11 50 59 57 21 10 45 4 38 14 1 40 9 29 7 8 25 54 63 32 17 47 30 31 22 0 24 13 12 3 5 34 15 16 39 20 33 23 52 53 2 46 51 60 58 55 44 6 48 56 61 49 62
26 34 44 18 17 16 8 37 30 52 24 20 10 25 32 38 29 2 9 0 11 22 45 54 46 40 41 50 31 4 43 3 60 13 63 53 19 33 15 55 61 42 6 62 47 59 58 21 48 39 1 5 23 14 7 12 57 51 49 56
37 29 19 26 18 45 21 43 54 11 10 25 34 1 51 14 30 52 44 20 7 22 24 32 13 50 57 46 40 23 42 6 53 41 47 38 12 55 39 31 15 58 4 60 2 3 61 62 33 17 5 48 0 16 49 59 9 56 63 8
44 29 22 45 46 34 43 37 20 53 42 13 18 19 4 26 33 6 21 10 1 12 61 23 5 2 52 50 9 47 51 3 54 41 15 8 39 60 25 0 31 40 11 62 32 7 17 63 58 59 57 55 48 14 30 16 24 38 49 56
26 18 37 29 20 13 30 44 53 52 10 46 45 31 39 61 38 34 60 51 62 2 17 25 11 8 32 16 43 42 24 59 3 12 14 9 50 22 15 41 49 6 23 56 47 40 58 21 48 4 33 54 1 19 0 57 5 7 63 55
26 18 19 34 41 42 43 12 37 44 25 45 53 29 21 51 5 33 17 11 40 62 20 13 50 32 38 22 54 59 15 63 4 8 58 31 2 49 30 6 7 60 39 23 14 57 46 47 24 16 9 10 3 52 56 48 61 55 1 0
44 29 21 13 18 43 14 26 12 10 51 5 17 23 19 50 7 15 42 9 1 52 57 41 59 16 61 20 53 22 8 2 40 11 30 25 3 34 6 58 45 31 4 48 37 32 24 60 0 46 49 38 33 56 54 62 39 47 55 63
37 43 42 29 51 38 19 34 46 45 22 21 20 59 44 14 58 11 39 47 10 9 55 49 1 54 12 50 33 26 8 57 63 32 41 18 30 3 6 17 56 52 24 31 2 5 61 7 25 48 23 13 15 60 4 40 53 0 16 62
26 18 37 34 17 25 33 32 9 1 19 20 0 38 8 11 46 16 3 21 24 4 39 55 13 12 22 30 42 14 29 10 6 40 53 5 31 23 48 2 44 7 47 49 15 54 41 52 45 59 51 43 50 57 58 60 62 63 61 56
44 43 42 51 26 45 53 18 59 25 46 50 19 11 49 37 30 57 41 47 39 56 34 52 16 62 10 2 4 31 17 40 61 12 1 60 20 38 3 23 48 9 54 63 29 8 0 24 33 21 14 7 32 58 55 22 13 6 15 5
26 20 21 34 12 18 41 42 44 45 49 50 33 53 52 37 54 63 25 40 9 10 11 58 56 48 43 0 8 24 30 38 29 31 47 59 39 16 55 51 23 13 5 46 2 14 7 22 4 60 57 3 61 6 19 15 17 62 1 32
37 43 50 51 34 29 21 41 19 57 48 18 44 22 23 52 59 15 7 11 45 46 47 55 30 31 10 20 12 3 17 39 26 1 4 58 63 25 56 5 53 54 9 49 42 40 60 24 38 62 16 8 14 13 33 6 32 61 0 2
19 20 37 18 11 45 29 43 50 30 9 51 34 49 38 26 57 12 41 31 21 10 33 22 47 48 59 39 15 13 25 17 5 52 24 6 8 14 42 55 40 32 58 16 60 2 44 4 56 61 54 63 23 7 1 46 62 53 3 0
26 18 37 29 10 45 30 23 43 9 31 21 8 50 12 25 51 20 57 13 44 11 54 53 22 42 2 59 58 60 32 19 5 55 63 17 16 15 34 4 14 46 62 3 61 41 40 39 47 7 52 48 6 0 1 33 24 49 56 38
44 45 26 52 60 18 46 29 21 25 30 54 37 13 9 11 22 34 53 51 4 20 59 38 24 39 42 49 33 50 41 58 57 19 62 40 48 61 14 31 43 32 2 23 10 47 15 5 55 3 17 56 12 7 6 63 0 8 16 1
44 45 26 52 54 46 60 63 47 18 19 59 62 61 10 38 37 20 39 25 51 53 21 50 42 12 3 9 8 22 55 29 14 13 58 33 30 43 40 0 24 6 23 34 49 32 7 31 17 56 48 15 1 5 4 2 41 16 11 57
26 20 29 22 45 34 15 43 12 13 4 6 50 11 18 2 44 52 33 19 21 17 37 54 5 14 61 23 25 60 46 55 9 30 31 10 38 24 47 3 8 32 1 62 59 0 39 58 16 51 7 40 53 49 63 41 42 57 48 56
37 29 21 43 34 30 51 45 53 46 47 13 22 33 38 61 60 23 31 50 26 59 15 19 20 14 44 54 12 11 2 39 55 3 41 25 42 4 17 1 58 24 5 62 63 48 0 6 10 18 40 8 7 32 16 57 56 9 52 49
44 45 26 18 19 20 12 21 13 5 14 52 53 34 42 22 30 43 3 54 17 9 62 61 51 15 25 32 6 50 1 37 46 39 38 63 41 33 24 31 58 11 4 29 60 16 8 47 7 57 49 10 56 59 55 0 40 2 23 48
19 20 45 42 21 37 49 54 46 38 63 62 39 18 17 30 53 29 34 12 55 33 24 50 31 56 51 22 47 11 10 26 13 40 58 15 14 44 52 61 32 41 25 2 43 6 48 4 9 57 23 0 5 8 3 16 59 1 60 7
19 34 45 21 41 33 32 42 50 37 38 46 47 10 1 49 48 26 14 29 18 13 30 39 5 54 63 62 31 9 17 25 52 20 43 6 7 16 12 0 55 51 44 2 59 22 53 61 24 57 60 58 8 4 15 40 56 23 3 11
26 18 37 34 25 32 9 29 33 41 21 38 43 0 42 51 39 14 50 30 12 31 23 47 20 13 22 15 7 52 19 6 24 59 49 3 55 45 44 11 40 56 57 17 61 58 1 8 16 48 5 10 54 53 60 62 4 2 46 63
37 45 53 54 26 34 42 52 44 17 18 19 51 50 9 1 63 30 38 10 59 21 29 20 41 22 43 47 62 58 49 60 0 46 23 57 39 56 8 14 7 11 55 6 5 24 25 12 31 33 2 3 40 4 61 32 48 16 15 13
26 20 45 42 43 25 49 51 18 34 33 29 13 9 38 54 59 56 44 53 16 32 0 37 46 12 19 10 61 50 11 22 58 62 52 17 24 30 48 1 39 14 4 21 31 47 15 6 55 60 40 57 5 3 2 63 7 8 23 41
37 29 18 44 30 26 34 20 43 46 13 25 38 23 17 6 16 47 31 22 15 8 9 19 21 41 53 14 7 52 33 11 4 24 50 3 55 42 12 10 1 45 49 60 51 59 58 56 39 5 61 57 2 32 40 54 0 62 63 48
37 29 18 44 19 34 45 11 33 9 52 43 20 21 13 25 26 42 49 46 0 38 31 17 16 5 54 39 4 56 47 12 14 7 30 10 22 51 1 6 58 61 40 24 60 53 2 63 3 50 41 15 57 8 59 55 32 48 23 62
37 45 19 38 39 18 52 20 9 26 10 44 34 30 46 54 12 59 21 13 14 23 60 29 31 6 5 33 53 1 58 25 40 55 32 7 63 24 42 62 43 61 22 48 15 0 50 4 17 49 3 8 56 51 16 11 41 2 47 57
26 18 37 43 10 21 34 46 19 11 55 29 45 38 31 39 44 1 52 42 20 54 3 61 22 51 9 17 50 33 60 23 62 57 30 4 5 59 15 13 6 7 53 63 8 2 12 47 41 48 40 32 49 25 16 56 24 14 0 58
19 20 37 44 13 10 1 26 52 21 25 60 22 18 43 24 17 46 45 12 30 6 3 16 5 2 11 53 33 14 61 42 34 62 29 0 23 51 50 54 4 41 48 40 59 31 7 57 8 15 49 56 55 9 63 47 38 39 32 58
44 43 18 53 34 25 62 45 41 26 32 21 52 59 37 54 20 12 61 46 17 33 55 49 38 31 39 9 16 51 19 47 23 60 50 29 2 57 40 63 5 30 58 10 56 3 22 0 4 42 11 8 24 48 1 13 14 15 7 6
44 29 20 13 26 34 18 25 42 41 30 31 33 49 16 43 40 50 51 52 6 10 60 61 58 24 2 56 57 11 17 3 9 37 22 8 53 14 4 38 0 1 19 5 46 32 21 23 7 47 39 54 55 45 12 63 15 48 59 62
44 29 19 10 11 43 21 34 42 50 37 45 1 3 26 20 2 30 53 12 51 52 31 54 62 22 60 0 5 18 25 46 55 9 33 32 16 49 38 41 8 59 14 47 39 24 48 58 57 15 40 17 23 61 7 13 6 63 4 56
19 18 44 11 26 43 42 37 9 51 34 0 50 25 21 33 59 60 61 20 16 14 41 48 49 56 38 30 52 32 17 45 53 46 4 58 54 29 12 3 57 8 23 13 5 6 2 7 47 40 10 24 15 31 39 1 22 63 62 55
44 45 46 43 26 19 12 11 42 33 18 25 3 5 17 54 10 38 40 52 37 20 21 8 47 34 30 9 60 13 61 50 16 14 41 32 1 24 29 2 0 39 31 4 57 63 15 51 53 59 55 22 49 6 7 58 23 48 56 62
19 34 42 18 44 20 10 50 49 43 33 48 57 11 3 41 17 59 25 29 40 26 37 2 9 8 4 52 21 22 15 46 16 45 1 0 38 31 55 12 53 32 24 51 39 14 56 30 60 54 61 47 58 63 7 6 13 5 23 62
44 45 46 20 18 34 21 37 30 9 42 38 12 23 29 22 33 32 14 11 26 4 0 5 2 54 55 19 31 41 40 43 53 10 15 61 17 25 47 13 50 62 39 49 3 48 16 51 7 8 58 60 24 52 63 59 6 57 56 1
44 45 19 20 37 34 26 43 52 29 54 46 53 51 55 30 33 11 22 14 31 59 13 12 38 63 3 47 15 61 60 10 58 2 9 25 42 18 1 5 39 62 4 50 24 16 8 0 57 32 41 40 48 21 6 56 49 7 17 23
44 45 19 34 46 53 43 39 37 42 51 20 54 29 55 38 18 59 58 60 13 52 50 10 33 17 11 4 21 63 62 12 47 5 30 26 9 57 8 49 14 7 15 16 31 3 56 48 24 6 2 61 25 41 22 23 40 32 0 1
19 20 13 42 44 11 34 43 10 21 50 9 37 6 12 51 8 45 14 22 23 57 53 62 18 29 59 52 58 33 15 26 54 46 39 55 41 60 61 32 48 1 17 40 49 38 3 30 56 25 5 4 16 2 24 7 47 31 63 0
37 43 42 41 50 21 40 44 19 49 34 33 51 59 26 25 16 45 18 11 58 56 4 60 48 17 10 32 8 12 24 1 54 9 52 46 14 3 20 53 38 7 30 29 2 55 0 31 23 57 5 15 62 63 61 39 22 6 47 13
44 43 18 29 26 9 10 45 30 20 37 38 39 46 52 42 54 60 53 47 21 62 0 19 61 23 11 2 3 34 33 13 63 16 25 24 6 4 49 55 32 12 5 31 14 22 59 41 50 15 7 58 51 48 57 40 1 56 8 17
19 20 29 18 10 43 51 2 44 45 1 11 26 59 3 9 17 38 46 53 62 8 58 37 31 47 60 34 16 24 52 54 25 42 39 0 12 32 41 55 22 30 21 33 40 49 48 13 5 61 50 14 23 15 63 57 4 56 6 7
44 29 18 43 45 42 41 52 21 46 22 40 54 62 47 15 61 38 30 9 34 14 19 10 0 20 23 12 33 60 49 56 1 31 63 24 50 25 5 48 7 3 51 13 59 37 55 17 11 53 57 4 6 2 58 39 26 32 16 8
37 43 34 29 20 26 21 12 50 38 18 33 44 13 25 41 40 51 53 9 22 45 42 31 52 58 17 49 11 61 10 2 62 54 60 59 56 63 8 24 14 0 23 5 55 46 1 15 30 48 19 4 7 3 16 47 32 6 39 57
37 45 53 54 55 20 18 42 19 21 22 10 2 38 31 39 11 61 43 44 47 14 51 26 30 9 12 60 6 5 49 29 25 33 46 15 23 3 34 52 0 56 40 16 62 32 58 50 4 48 7 1 17 13 57 59 24 63 8 41
19 34 44 11 26 18 33 29 12 20 10 41 49 32 40 3 30 48 4 2 25 17 8 52 60 16 24 5 43 38 21 58 57 42 46 39 51 9 13 61 31 50 47 6 59 22 37 1 0 45 54 53 14 55 63 15 62 7 23 56
44 45 26 20 29 34 11 13 46 22 38 12 14 54 30 31 42 52 60 43 53 6 47 10 15 41 25 59 48 24 18 51 49 9 62 55 63 17 37 50 61 39 58 40 33 56 19 21 1 16 23 3 57 8 0 32 2 4 7 5
44 43 26 29 30 52 51 58 45 34 33 46 60 25 38 19 16 53 18 21 54 47 61 59 20 37 62 24 14 8 39 42 55 13 57 31 23 11 9 7 5 6 10 17 50 41 40 49 3 2 56 22 0 63 4 12 48 1 32 15
19 34 43 18 44 29 33 50 37 41 17 45 26 9 52 16 49 32 10 12 42 59 8 0 54 46 61 2 5 60 38 21 20 63 22 24 1 11 53 55 48 23 15 7 13 47 31 57 3 62 25 39 56 51 40 14 6 4 30 58
44 45 19 18 37 43 54 38 9 29 52 26 21 30 51 12 20 58 59 10 17 24 47 42 50 46 34 25 14 0 23 60 61 41 49 40 55 7 48 57 22 62 39 33 32 53 16 8 56 11 5 31 1 4 3 6 13 63 15 2
37 43 50 38 44 45 46 51 26 19 10 25 30 39 29 21 34 54 53 1 13 42 24 60 55 5 59 58 57 47 52 41 49 20 32 18 14 15 2 48 40 56 11 12 0 9 6 61 22 16 8 63 62 3 33 17 4 31 23 7
44 29 20 43 38 12 4 37 26 51 52 19 58 5 18 53 62 10 34 59 30 42 1 45 49 31 21 57 41 13 6 25 22 50 17 8 60 14 46 56 48 3 16 55 33 40 2 24 54 7 15 63 32 61 0 23 39 11 9 47
44 43 26 29 51 34 45 52 59 53 22 50 60 61 42 25 33 20 24 41 46 15 12 16 49 11 13 37 30 14 54 47 4 31 17 62 39 57 21 56 6 55 8 32 23 3 7 9 18 58 10 0 1 2 48 19 63 40 38 5
19 20 13 42 29 18 49 43 34 12 45 25 37 50 33 41 57 59 40 44 9 6 11 51 16 30 32 10 21 22 3 8 15 48 60 58 39 52 17 56 14 26 24 54 63 31 61 23 53 5 1 46 0 47 7 55 4 2 38 62
44 29 18 26 34 43 37 42 52 46 41 60 22 33 19 20 21 17 61 14 24 9 55 45 7 13 12 47 59 11 38 4 3 6 16 49 56 10 8 39 31 23 30 53 5 63 54 1 2 48 51 25 40 58 32 57 50 15 0 62
44 43 26 19 10 21 29 45 53 37 51 61 62 1 12 63 54 50 38 59 42 25 13 30 39 34 24 23 49 5 33 3 20 32 58 46 60 52 40 22 15 16 55 48 47 56 6 17 41 11 2 14 0 57 4 31 7 8 18 9
37 43 18 38 44 19 50 9 11 20 12 4 3 51 17 26 45 2 0 52 53 58 59 33 30 22 21 62 57 14 34 49 39 42 32 25 6 46 40 29 5 1 54 31 8 13 41 15 23 10 7 55 16 47 63 56 48 24 61 60
19 34 45 37 44 11 26 53 41 18 62 33 20 43 42 50 46 29 21 51 49 38 9 17 59 61 10 40 13 47 30 58 4 3 25 60 2 0 48 32 8 56 12 63 55 23 39 22 54 1 24 14 6 15 31 16 7 5 52 57
37 43 18 19 50 46 38 9 10 39 26 11 0 21 4 51 52 17 25 61 53 57 34 3 12 54 20 1 29 22 42 8 14 13 60 44 45 6 5 30 63 24 23 33 31 49 48 7 16 47 32 58 15 59 41 56 2 40 62 55
26 34 41 17 18 21 8 19 37 42 20 10 22 29 38 13 44 23 33 40 51 52 2 30 49 39 31 16 46 50 43 45 4 55 14 24 57 6 59 1 54 62 15 60 7 12 9 56 48 3 32 5 47 25 58 53 11 0 61 63
26 20 37 44 19 38 39 18 52 45 11 31 54 34 43 60 25 63 12 47 46 42 51 16 32 13 41 33 40 21 22 17 61 29 59 24 14 23 9 7 30 2 10 3 50 6 1 8 5 48 0 49 53 58 4 62 56 57 15 55
26 18 10 20 45 34 19 44 41 48 33 54 13 12 63 46 21 14 7 62 53 9 37 25 17 38 30 43 8 60 5 2 61 23 3 22 24 0 42 4 6 32 39 15 31 47 59 16 49 50 52 29 58 51 11 1 40 56 57 55
37 43 18 38 51 19 45 26 11 44 29 3 34 58 31 54 10 17 53 50 25 33 42 39 4 62 2 52 16 20 63 1 22 30 9 8 0 55 21 46 61 59 23 12 47 14 7 6 57 56 15 41 40 48 5 32 49 24 13 60
44 29 19 52 53 42 51 18 20 21 22 38 12 62 30 60 26 23 11 34 47 46 31 39 15 3 13 14 10 1 45 37 49 6 58 54 4 50 43 56 55 5 61 2 40 63 41 32 59 7 57 48 33 24 25 16 17 9 8
44 29 19 26 37 53 18 43 34 25 33 42 24 41 50 51 20 45 59 32 22 49 30 17 54 52 16 21 58 31 60 57 62 10 46 12 56 14 11 55 3 1 40 38 63 2 47 48 15 9 13 23 0 7 6 4 61 5 8 39
44 43 42 29 22 49 18 30 38 52 45 15 20 19 26 50 51 37 56 59 12 33 60 13 11 17 6 9 34 53 10 5 24 23 0 40 4 25 58 39 54 3 32 41 47 7 14 46 21 2 48 61 31 16 55 63 8 1 62 57
19 34 43 50 41 11 37 25 3 48 33 29 51 32 57 38 46 21 13 55 45 20 12 54 16 4 42 17 22 30 40 59 26 14 49 56 52 44 18 24 6 5 58 9 7 23 15 60 61 10 0 62 53 31 8 1 47 39 63 2
44 45 26 43 54 17 52 37 25 20 13 51 50 46 53 60 38 63 8 29 30 42 61 58 34 47 57 59 41 21 12 18 19 9 1 22 14 4 11 62 15 3 10 56 39 6 23 24 55 5 16 0 33 2 49 40 31 7 48 32
26 18 10 9 44 2 0 8 16 34 11 37 30 19 25 52 45 33 42 20 29 46 13 21 51 1 41 48 49 40 43 32 17 6 47 38 12 23 60 55 22 31 15 58 56 59 63 14 7 3 54 39 57 53 4 50 24 62 61 5
44 29 19 43 45 10 51 59 42 33 18 17 34 52 50 41 49 56 11 38 1 4 16 26 58 25 46 8 30 12 20 53 2 37 48 9 40 13 5 23 6 55 0 24 22 47 62 15 14 57 3 31 60 21 39 7 32 61 54 63
26 18 44 43 9 37 46 19 42 51 45 47 12 21 29 11 34 49 13 10 33 30 55 20 31 41 50 58 56 5 59 23 4 8 2 40 22 1 0 39 16 17 57 52 25 14 60 24 54 32 3 63 38 48 6 7 62 61 53 15
44 43 42 29 22 49 20 37 30 45 50 21 51 46 38 60 13 53 59 5 4 23 33 52 19 10 14 15 41 12 3 39 6 40 47 57 32 18 62 61 48 7 54 11 26 25 9 55 56 2 58 34 24 63 17 8 31 16 0 1
26 20 29 22 30 34 12 4 44 42 15 53 11 17 25 33 50 49 48 31 18 13 24 32 62 16 8 41 19 10 3 56 6 59 38 40 37 21 23 2 9 47 14 39 58 46 55 43 51 45 54 57 52 7 5 63 1 61 60 0
44 45 46 34 42 54 37 43 53 49 41 52 63 48 56 21 26 38 30 39 62 61 23 33 14 17 25 7 51 16 55 50 40 60 24 47 10 29 8 32 31 19 5 1 12 0 58 59 18 9 57 13 22 11 4 15 6 3 20 2
26 20 21 34 12 4 29 17 13 14 25 18 11 24 6 37 15 19 45 2 33 46 9 44 3 8 16 5 0 40 32 23 53 61 38 52 55 42 31 10 59 60 22 54 63 7 1 58 48 39 50 41 43 51 49 56 47 62 57 30
19 18 17 34 43 9 25 20 21 29 37 33 26 22 14 50 45 13 24 53 1 16 8 6 12 5 11 2 23 30 52 32 44 42 4 3 54 63 55 38 31 61 41 40 10 46 47 0 49 48 59 39 56 15 51 62 7 60 57 58
44 45 46 52 18 20 29 38 12 47 54 26 31 37 43 51 59 9 34 61 17 60 53 11 39 30 19 4 21 25 0 58 2 3 50 42 32 23 10 33 57 62 13 41 5 22 40 49 48 1 16 14 24 8 6 7 63 56 15 55
26 34 43 52 44 20 29 19 60 30 12 13 21 53 33 4 39 61 37 25 24 59 50 38 6 11 3 16 62 46 45 5 14 40 42 57 58 22 17 7 55 41 32 51 49 48 8 0 31 18 10 9 56 23 1 2 15 47 54 63
44 29 22 52 53 34 60 62 46 30 20 14 41 19 31 43 6 13 26 25 37 38 45 47 21 48 54 23 17 51 11 55 39 61 15 2 50 7 32 8 16 24 4 49 18 12 9 0 5 59 57 40 10 3 1 58 42 56 63 33
26 18 37 45 10 25 54 2 9 44 43 11 24 16 0 8 4 12 20 34 41 13 6 63 32 52 53 48 59 38 31 39 47 62 29 40 55 61 42 21 51 23 46 50 49 57 30 19 58 5 60 3 17 7 33 22 56 1 14 15
44 29 20 11 19 43 26 52 60 61 3 2 12 13 42 59 4 34 50 41 25 18 40 24 22 53 45 48 16 49 62 15 1 21 32 6 51 54 58 33 63 17 10 38 47 37 56 39 31 5 14 23 7 57 46 55 30 9 0 8
19 20 21 34 44 53 42 37 45 13 33 11 10 43 3 14 29 41 49 12 4 18 50 9 61 24 5 38 30 6 23 54 1 57 56 48 40 52 8 2 51 26 55 31 32 58 46 47 16 63 60 7 15 17 22 59 25 0 62 39
44 29 20 13 19 18 12 11 10 2 30 52 6 21 43 5 53 51 58 22 60 38 34 14 46 50 37 25 4 7 16 45 49 59 42 41 9 1 54 62 57 61 33 26 23 8 31 3 63 56 47 17 48 39 0 15 32 40 24 55
26 18 37 43 42 41 19 29 49 57 30 34 17 22 48 25 51 38 15 14 24 16 13 4 45 9 33 6 32 20 39 50 23 40 44 46 52 58 56 53 21 31 8 7 59 60 54 61 10 63 62 1 2 12 55 3 11 0 5 47
26 20 21 22 45 44 37 17 43 52 19 34 14 30 18 46 60 61 33 59 16 41 50 25 54 63 38 29 49 13 11 48 32 39 4 6 31 40 7 23 62 47 12 58 56 3 55 9 42 53 5 51 0 15 2 24 57 1 8 10
26 34 43 52 41 20 21 33 44 48 12 13 50 51 42 45 5 19 32 25 53 60 11 2 49 62 18 14 54 17 4 37 23 10 22 24 9 7 29 55 15 8 58 57 63 6 16 31 47 46 56 40 0 30 61 59 38 1 3 39
26 18 10 9 37 2 0 8 16 45 54 34 25 20 42 50 12 29 38 46 33 39 47 32 41 55 43 61 24 30 21 11 19 51 31 49 44 14 22 17 58 4 62 1 63 52 6 15 3 13 40 48 56 53 59 23 7 57 5 60
19 18 17 34 42 9 1 50 37 43 57 16 33 0 26 21 51 32 10 2 41 45 25 59 58 40 29 12 48 44 24 20 46 49 8 30 23 60 11 38 14 39 52 3 4 5 47 31 13 55 53 56 63 15 7 22 54 61 62
37 45 26 29 54 34 46 19 33 63 20 38 10 11 55 43 62 32 40 47 12 17 30 3 52 4 5 13 25 24 1 48 2 50 16 61 6 9 59 44 41 42 21 8 18 22 23 31 39 57 14 51 49 53 60 7 0 58 56 15
37 45 19 34 43 18 25 29 46 41 44 52 60 54 17 47 63 62 42 20 61 9 30 16 55 31 21 50 40 11 57 51 33 32 53 14 2 12 13 22 1 10 7 0 23 15 26 59 6 24 5 48 4 8 38 3 58 49 39 56
19 20 13 12 45 6 21 44 3 34 42 4 18 17 26 2 53 41 10 9 16 30 14 43 50 7 40 33 22 52 29 1 24 8 61 37 25 23 31 57 5 49 38 54 48 59 51 58 55 62 15 56 0 46 39 11 60 32 47 63
37 29 19 26 17 44 21 38 45 30 31 20 11 25 53 43 46 54 52 39 63 9 34 33 40 32 42 12 14 2 47 22 3 10 1 18 23 4 0 60 5 61 13 51 8 16 50 6 7 41 48 57 24 15 49 58 59 56 62 55
26 34 43 52 41 18 10 29 20 19 45 11 44 48 3 25 51 50 12 53 33 38 24 16 47 9 62 21 42 4 37 49 40 61 57 32 13 31 0 56 60 22 15 5 6 14 46 23 30 2 8 7 59 39 17 54 55 63 58 1
44 29 19 43 20 26 21 53 22 13 4 15 51 6 23 34 45 12 42 31 5 30 41 33 25 48 37 17 16 58 60 24 3 52 50 8 61 38 39 46 54 2 18 47 14 49 32 59 57 9 1 11 7 63 55 62 0 40 56 10
44 29 19 10 22 42 26 43 18 15 30 33 51 17 41 52 61 49 37 60 14 46 56 53 25 62 38 45 54 6 21 34 31 57 24 20 3 9 55 2 7 13 11 47 1 12 8 39 58 23 16 63 5 4 40 50 59 48 32 0
37 45 19 38 46 29 44 43 30 20 11 42 51 39 33 53 55 2 3 34 1 49 22 47 18 9 17 16 26 59 54 61 10 14 58 60 15 63 23 24 5 6 62 4 21 25 12 13 8 57 31 7 50 41 52 0 56 40 32 48
26 18 19 20 29 38 9 33 21 11 44 34 22 10 32 43 25 37 45 53 52 46 47 23 13 24 4 17 61 3 42 30 15 55 54 1 2 5 14 39 31 12 16 63 62 59 60 7 0 41 49 57 51 50 56 48 6 40 8 58
19 20 21 18 37 13 9 22 6 17 12 43 25 4 30 45 44 32 10 2 50 29 33 42 1 57 11 8 0 39 14 16 53 5 52 7 23 46 24 61 15 38 3 41 34 31 40 26 51 49 47 54 48 58 59 55 63 56 60 62
44 43 26 19 50 17 34 53 18 20 16 9 1 42 10 8 0 49 52 2 29 33 37 12 11 4 40 3 48 60 51 58 41 22 54 61 45 63 13 30 55 21 25 46 5 47 31 23 39 32 62 57 24 14 6 38 59 15 56 7
37 43 26 29 42 45 51 34 22 59 33 24 40 32 41 19 52 30 12 18 60 11 58 15 3 44 54 10 17 16 8 5 46 63 62 2 53 20 25 49 13 4 21 38 39 31 23 55 50 61 57 47 6 14 7 56 9 1 48 0
26 18 37 45 44 29 21 25 30 31 9 51 39 13 52 43 17 23 50 57 12 8 54 58 14 19 15 61 38 7 34 46 59 1 20 47 16 11 62 60 53 32 22 10 24 33 6 55 0 5 40 63 4 42 41 2 3 48 56 49
44 43 18 19 20 9 0 21 37 11 4 45 10 38 46 47 51 42 34 33 55 13 12 8 39 60 6 31 53 14 16 54 32 52 3 25 5 17 24 2 41 26 29 22 1 49 40 63 58 59 62 56 61 57 50 48 15 30 23 7
37 43 18 21 51 42 29 38 44 59 47 53 50 39 45 30 49 19 26 56 20 17 52 41 57 54 61 58 46 62 40 32 60 55 34 33 24 22 48 16 15 14 12 25 31 23 10 5 11 7 9 1 6 2 63 13 3 4 0 8
19 18 44 29 37 43 34 45 30 33 42 22 24 23 26 50 51 32 9 0 17 60 59 11 53 21 61 10 15 16 8 7 57 25 12 14 31 38 52 4 6 62 54 20 63 47 3 13 41 2 46 48 1 5 49 56 40 58 55 39
37 45 53 54 55 63 19 20 29 47 43 61 13 21 22 34 46 52 60 12 33 14 51 42 41 26 4 32 62 6 7 30 44 40 5 58 15 59 18 10 9 8 0 3 17 23 31 24 38 1 16 25 50 49 56 11 57 48 39 2
26 34 44 18 41 53 10 33 42 51 32 20 45 37 21 40 60 25 13 29 62 49 22 9 54 30 56 14 50 5 7 61 23 47 63 15 11 48 8 57 17 24 52 3 2 19 12 4 38 58 16 0 43 1 59 55 39 46 6 31
26 20 45 25 21 43 24 14 51 42 29 37 22 38 44 50 41 58 6 17 46 47 54 15 9 62 63 30 34 13 18 52 12 10 3 19 60 0 11 40 23 33 48 32 4 5 8 2 7 39 31 56 55 16 57 61 1 49 59 53
19 18 17 20 37 29 21 45 54
37 43 18 38 51 19 39 26 34 33 17 16 12 45 32 29 46 31 23 25 30 50 10 20 24 21 11 47 8 2 55 9 52 59 22 53 61 15 4 54 63 13 0 40 42 62 58 41 48 1 14 3 57 56 7 44 49 6 60 5
19 20 21 18 44 29 9 52 45 46 37 10 38 12 59 22 11 43 55 39 34 1 31 42 23 53 54 30 26 25 47 4 16 33 17 63 62 60 5 61 14 58 40 15 41 3 13 24 2 49 48 6 50 32 57 56 51 8 0 7
19 20 13 26 34 42 25 16 41 33 24 6 40 17 9 8 10 18 12 3 1 0 29 21 50 58 59 48 32 60 51 30 5 44 11 49 43 52 31 38 57 39 56 4 37 45 46 53 47 2 23 55 62 22 63 61 14 15 54 7
37 29 20 43 44 53 21 45 26 13 38 34 52 39 31 30 54 25 22 47 19 46 18 61 63 14 5 55 24 10 59 12 33 41 51 32 23 6 42 17 40 15 9 48 2 49 57 50 58 11 56 1 0 8 7 16 62 4 3 60
26 34 42 33 45 18 43 20 17 50 25 32 49 48 19 21 40 37 41 52 38 10 9 44 2 0 58 16 13 6 1 39 14 3 59 57 12 30 29 60 53 51 61 22 31 62 47 8 7 23 5 55 54 11 46 63 56 15 24 4
37 45 53 29 19 61 38 47 54 55 63 34 46 21 30 22 14 39 52 23 31 62 15 60 42 6 26 13 7 43 59 41 5 4 49 25 16 51 18 24 40 20 44 33 58 9 32 48 2 0 17 57 1 10 50 8 3 11 12 56
26 20 13 18 10 42 45 17 16 8 43 24 49 56 41 19 21 3 57 14 29 6 5 38 23 54 37 50 44 51 25 4 34 7 1 48 40 32 46 47 58 59 53 61 9 12 30 52 22 0 33 2 55 63 60 39 62 11 31 15
19 20 37 18 10 34 17 45 44 29 12 43 26 11 53 61 46 2 3 52 33 32 21 54 50 8 24 42 63 5 60 62 51 40 48 4 13 38 25 30 22 41 55 31 6 14 23 58 49 57 59 47 1 15 7 16 39 9 56 0
19 34 44 53 43 42 33 24 62 29 49 41 40 57 48 51 26 45 37 61 30 11 46 63 50 31 3 10 22 17 60 12 8 14 20 38 4 59 23 55 58 56 21 13 5 7 1 9 52 25 54 32 15 6 16 2 18 0 47 39
26 34 43 50 42 18 17 29 30 21 10 37 41 40 44 39 49 58 14 25 45 7 23 46 32 31 5 16 20 13 12 24 48 9 8 11 38 47 54 62 55 15 4 53 60 0 51 3 1 22 19 2 63 33 61 52 6 57 59 56
26 20 29 38 12 4 21 34 42 33 19 18 17 11 45 10 30 50 44 43 46 52 5 24 41 53 40 32 59 22 25 51 1 9 61 48 23 13 0 37 2 62 54 47 6 8 16 14 3 63 57 49 31 60 56 39 55 58 15 7
19 18 44 43 42 29 21 11 22 37 30 31 9 50 39 52 4 34 10 13 60 20 51 61 6 47 12 45 14 5 57 2 26 59 46 8 3 58 41 23 38 7 17 53 54 16 1 15 49 48 40 55 63 33 62 0 56 25 32 24
37 45 53 43 34 41 51 52 50 54 55 20 29 59 57 38 21 63 11 22 15 46 47 30 18 12 13 19 48 32 23 2 26 25 31 5 3 60 24 14 9 39 6 44 4 7 40 17 42 16 0 49 10 8 58 56 62 61 33
37 29 18 26 22 46 25 34 44 16 55 11 33 42 9 20 50 2 0 41 12 51 4 21 48 49 58 53 14 59 32 13 52 45 57 23 31 17 60 62 43 7 54 5 15 1 6 63 19 47 39 61 3 38 8 40 30 10 24 56
19 20 21 12 29 38 3 4 45 26 11 10 18 13 14 15 47 2 34 25 7 37 23 42 24 33 22 31 9 6 49 17 1 0 46 5 32 40 8 50 39 54 63 56 41 44 53 16 59 61 43 52 48 30 60 57 51 55 62 58
44 29 20 11 26 52 45 43 21 25 37 22 51 38 39 31 17 9 15 13 2 47 16 46 6 1 0 58 8 42 50 49 57 5 41 7 10 48 19 3 34 23 12 56 30 14 61 32 4 53 55 54 59 63 60 24 33 62 40 18
37 45 44 29 22 34 20 21 18 13 54 15 33 43 42 49 5 51 56 32 23 41 58 31 26 19 50 38 25 59 52 6 11 4 24 53 9 17 30 60 10 48 62 61 12 47 14 7 57 8 2 40 55 3 1 39 46 63 16 0
19 18 17 9 44 43 50 29 22 16 37 11 3 45 53 54 25 30 23 52 62 20 1 57 26 15 51 61 60 38 46 59 12 31 34 55 21 63 47 0 10 24 39 2 7 14 6 13 8 4 5 41 42 49 33 32 40 48 56 58
19 34 42 18 44 37 30 21 12 49 43 38 29 20 45 31 39 46 11 10 54 13 26 17 41 23 6 5 1 53 25 50 57 48 15 62 33 58 22 14 4 40 24 2 51 3 9 52 61 60 59 32 7 0 8 16 47 55 63 56
19 20 37 34 26 38 12 17 43 52 46 29 51 54 61 5 21 59 50 13 39 44 55 58 11 3 10 41 14 30 42 53 47 6 24 1 45 62 33 40 23 22 15 60 63 25 57 2 49 8 9 4 18 48 31 16 56 32 0 7
44 45 37 29 46 43 21 38 30 31 22 15 34 20 51 42 19 52 13 55 60 50 49 10 18 11 3 41 33 59 12 5 9 32 54 57 25 61 6 7 24 1 2 4 58 26 48 56 40 53 63 23 16 39 47 0 62 17 14 8
26 34 44 37 42 51 53 33 30 19 58 29 25 60 49 43 10 50 32 16 18 45 54 17 9 2 1 56 52 8 3 46 38 12 5 39 61 55 11 20 40 41 21 57 59 31 62 13 14 7 48 24 23 22 63 6 15 4 0 47
26 18 44 45 19 43 10 20 54 29 13 17 42 2 1 11 21 50 37 3 4 6 51 52 58 53 30 59 38 12 46 49 40 39 14 33 31 62 57 23 61 41 60 56 24 9 34 5 8 25 47 22 32 0 7 16 63 15 48 55
37 43 34 25 51 38 26 21 45 52 29 50 53 61 33 32 30 18 24 17 41 49 59 20 42 31 14 22 12 11 58 57 44 16 39 6 46 54 10 2 47 40 8 4 60 55 63 62 48 56 19 13 3 9 23 0 5 15 1 7
26 18 19 34 9 29 42 33 44 25 40 52 24 10 43 41 37 32 20 30 50 48 22 51 56 14 53 62 46 0 15 59 6 38 57 49 39 21 13 23 31 61 60 5 63 54 58 47 12 7 17 4 3 11 2 16 45 1 8 55
26 18 10 9 37 2 0 34 17 38 19 24 16 20 29 21 11 25 44 3 14 22 12 1 4 51 45 5 42 50 6 46 13 8 23 43 32 7 55 47 49 41 48 15 39 30 54 63 62 33 59 60 52 31 61 57 56 53 58 40
37 43 26 38 45 17 50 29 18 44 21 19 39 54 11 57 33 25 24 13 8 32 53 10 63 51 42 16 58 34 9 0 22 23 46 59 15 2 20 7 4 62 41 40 49 12 52 14 48 56 61 47 3 5 1 31 30 60 6 55
26 18 10 43 42 34 44 29 33 49 19 2 30 32 40 52 56 37 51 22 45 31 60 20 25 53 54 50 12 61 46 59 41 48 21 47 55 5 23 24 58 14 9 17 4 38 6 39 11 13 62 8 16 63 15 57 0 1 3 7
26 34 45 21 41 19 29 33 10 20 22 37 40 25 46 30 42 44 43 55 31 53 18 49 32 14 52 39 6 24 48 56 23 1 50 7 57 60 51 13 62 54 2 5 17 15 0 38 61 3 63 11 47 4 16 8 9 12 59 58
37 29 22 30 38 42 18 43 50 46 20 51 49 48 44 23 31 39 53 34 56 26 47 15 57 13 21 58 17 45 40 14 5 6 11 52 19 3 41 33 10 62 32 55 2 4 25 54 7 8 60 1 61 24 0 12 63 59 9 16
19 34 44 53 41 37 45 20 61 18 9 62 63 33 12 17 32 46 25 4 38 29 11 31 55 26 47 21 10 30 42 8 1 43 52 24 22 50 13 60 57 2 5 15 3 51 16 54 0 48 59 49 40 14 39 6 23 7 56 58
37 45 53 54 44 52 61 38 63 20 19 46 39 30 22 23 29 34 60 62 12 4 43 42 25 26 47 59 18 14 11 16 5 13 17 55 24 10 6 32 21 51 58 8 33 40 50 41 49 31 15 9 1 7 2 3 57 56 48 0
37 45 26 29 38 25 53 43 18 19 22 54 10 21 13 1 24 17 34 16 63 39 31 20 47 23 3 8 15 5 4 61 50 32 9 2 12 6 11 42 33 58 49 55 52 48 30 51 44 7 14 41 40 46 0 60 59 62 56 57
44 43 50 21 34 42 20 53 22 51 52 49 62 29 57 12 45 33 19 10 60 54 56 18 46 15 24 32 26 63 59 37 55 14 38 58 17 61 30 40 4 11 9 1 48 8 7 47 3 39 25 16 41 5 23 6 31 13 0 2
37 43 42 45 44 51 58 21 14 29 46 49 40 13 12 5 41 15 30 31 23 11 18 26 19 39 3 10 17 25 9 53 54 8 61 20 22 50 59 60 24 56 34 52 48 62 38 47 6 2 63 33 1 32 55 16 7 57 4 0
37 45 53 29 21 43 26 54 55 20 11 61 42 18 25 24 50 13 52 49 5 44 17 22 19 2 32 6 15 60 41 31 14 8 23 12 56 51 58 7 9 40 10 63 46 16 3 59 1 48 34 33 4 57 30 47 0 38 39 62
37 43 26 38 44 51 50 42 53 45 39 62 61 57 49 30 59 29 41 25 20 60 24 34 22 33 40 19 11 54 55 23 48 46 21 10 58 52 47 31 9 16 17 13 15 18 5 14 6 56 8 7 63 2 4 32 12 1 3 0
44 29 21 45 37 30 23 42 26 13 12 34 54 43 50 20 14 49 56 19 38 25 11 53 33 55 63 22 16 47 52 31 15 2 39 6 3 41 5 24 18 51 40 4 10 57 60 61 62 59 58 17 8 9 1 46 7 48 32 0
26 18 37 34 25 16 10 11 9 20 24 29 4 43 38 12 45 17 51 19 42 47 22 2 0 50 57 54 8 44 49 59 13 3 39 14 55 32 5 6 52 58 15 56 40 61 63 31 48 41 53 21 46 62 23 7 60 1 33 30
26 18 37 45 19 29 10 9 46 43 8 2 44 47 55 63 11 0 53 25 33 34 22 32 42 41 51 12 54 21 4 17 1 62 3 5 14 52 40 49 24 23 6 7 60 50 39 31 13 61 20 59 48 15 57 30 38 56 58 16
44 29 22 42 26 21 13 17 34 52 49 15 37 20 19 43 61 5 6 60 30 31 53 10 23 54 39 56 50 7 38 47 1 45 14 41 46 58 4 18 40 51 57 62 63 12 9 55 59 3 11 48 24 25 32 8 16 33 0 2
44 29 18 26 20 45 46 11 12 43 25 52 42 50 37 34 60 47 22 4 41 10 17 15 2 32 53 54 24 59 33 61 9 8 55 19 40 39 63 16 38 48 31 21 30 62 13 14 5 6 49 3 51 57 1 0 58 7 23 56
26 34 44 37 42 18 19 50 9 51 38 30 41 21 59 39 25 58 29 60 13 33 49 12 17 20 5 43 31 11 2 48 57 6 53 24 47 0 61 45 46 8 32 52 1 55 63 22 16 54 7 56 10 40 14 15 3 4 62 23
26 18 10 43 44 45 19 17 25 3 16 20 13 34 33 8 41 12 9 14 6 24 15 32 51 59 2 48 4 1 54 21 52 29 30 53 11 63 42 22 50 38 40 39 47 55 62 7 58 60 49 37 0 46 31 23 56 57 61 5
44 29 21 45 30 52 26 34 54 46 42 18 43 62 47 41 19 20 61 31 40 51 13 49 59 14 7 58 17 33 22 10 53 25 56 9 2 15 8 4 50 63 12 1 55 6 48 60 11 38 23 39 37 5 3 57 0 24 16 32
44 43 50 51 58 53 42 20 37 29 22 49 48 60 59 46 62 38 18 52 30 54 45 14 11 57 63 55 61 26 47 13 33 41 17 39 12 4 15 34 31 24 56 8 40 2 32 9 25 6 23 16 10 3 1 19 5 0 21
44 45 37 29 46 52 43 53 30 34 19 31 26 39 41 33 25 17 8 10 47 51 11 20 13 16 23 38 59 42 54 62 55 40 21 22 48 2 49 4 5 61 60 6 24 12 14 57 63 9 3 15 56 58 50 1 18 32 7 0
19 34 44 21 37 20 22 45 43 12 54 42 3 52 13 18 60 23 26 5 51 63 53 25 17 10 24 46 2 16 8 58 6 59 57 62 33 32 41 1 47 55 9 7 11 38 39 4 61 31 30 50 48 56 29 40 49 0 14 15
37 29 21 45 53 54 26 20 43 61 11 30 22 13 38 39 19 42 52 18 12 14 41 51 31 17 25 3 8 40 23 24 34 9 4 5 16 0 47 15 44 55 6 32 10 2 46 7 33 1 60 58 48 62 50 57 49 56 63 59
26 20 29 18 43 30 12 50 31 13 51 38 37 4 9 44 46 52 6 23 60 39 47 55 22 15 49 21 42 0 34 19 45 59 53 58 17 33 24 32 57 56 1 14 11 62 5 10 3 16 41 8 40 54 61 2 7 25 63 48
37 43 42 29 44 49 19 18 56 52 17 41 51 38 45 20 13 46 61 26 21 59 53 54 50 10 33 40 62 6 32 57 5 8 30 23 2 31 16 34 25 14 22 12 4 9 58 11 48 47 7 63 1 0 39 3 15 24 55 60
37 29 19 45 22 34 43 52 53 38 50 10 51 21 54 26 39 46 33 62 63 44 20 55 25 40 11 30 41 15 60 57 14 12 61 32 47 18 49 31 4 23 17 48 9 7 6 16 8 58 42 2 56 24 0 5 1 13 3 59
37 29 18 46 30 19 21 13 38 45 12 23 5 47 39 22 11 26 15 3 34 43 50 31 54 7 10 9 17 52 53 14 20 16 44 63 8 60 4 33 24 6 41 57 40 48 42 32 25 49 62 0 61 51 55 58 59 1 2 56
44 43 26 19 34 41 10 29 42 50 20 13 40 52 30 18 25 16 57 38 22 2 60 61 51 14 53 33 15 48 17 9 11 37 46 4 6 45 1 3 62 0 49 21 54 59 8 56 32 7 12 47 31 55 63 5 39 24 58 23
19 20 21 34 41 18 44 11 2 37 43 10 38 46 29 13 26 25 54 55 16 30 6 53 47 1 61 17 0 32 52 45 23 62 63 59 24 12 40 33 5 39 51 50 49 14 8 48 4 9 56 60 15 57 42 31 3 7 58 22
44 43 34 41 50 59 25 29 48 16 20 45 22 32 53 18 57 42 37 21 26 54 24 30 8 38 11 58 52 19 55 3 14 60 13 56 51 63 31 0 40 23 49 61 62 17 33 4 9 1 5 10 15 47 2 12 39 6 46 7
26 34 44 18 33 42 51 45 17 29 30 22 37 38 9 52 46 21 31 19 20 10 11 54 47 1 25 13 14 32 3 16 63 39 5 6 43 53 59 55 41 12 4 48 61 23 40 0 62 49 15 58 8 7 57 24 56 50 60 2
19 18 26 20 13 33 44 45 10 12 34 14 32 25 37 42 41 40 48 43 51 38 29 49 58 59 17 57 39 30 53 56 4 46 6 2 60 9 24 11 52 21 22 15 55 23 54 62 63 61 5 50 1 47 7 0 31 16 8 3
37 45 19 38 44 18 17 11 10 52 4 26 46 20 43 16 21 54 39 22 47 1 59 53 62 3 2 5 51 34 8 61 60 24 14 6 9 25 42 33 23 50 49 0 41 58 57 63 12 31 32 13 7 56 55 48 30 15 29 40
26 18 10 29 45 25 22 43 50 30 34 14 31 38 47 46 15 44 32 17 54 24 6 33 52 11 16 63 4 59 19 12 9 42 49 41 60 0 57 56 48 53 1 3 20 21 5 13 55 7 40 23 58 39 51 8 37 2 61 62
44 29 19 10 22 26 20 21 25 38 18 37 2 13 14 34 42 51 5 1 30 41 60 50 0 24 17 11 39 9 48 43 58 40 33 8 16 6 52 45 49 4 32 15 54 61 59 23 3 57 53 46 7 63 47 31 12 55 62 56
37 45 26 29 30 19 44 25 10 53 33 17 24 11 34 20 13 22 2 40 62 4 54 1 3 31 18 46 23 42 38 52 51 47 5 59 15 14 6 12 41 32 39 16 43 55 9 49 60 7 21 58 63 50 57 61 56 48 0 8
19 18 44 43 17 21 51 52 53 60 37 34 42 33 59 46 54 61 49 41 62 29 38 47 32 25 16 50 40 56 30 11 45 22 3 63 55 26 58 12 10 9 5 39 20 4 13 2 1 24 15 8 31 57 0 14 7 6 23 48
26 20 13 18 37 45 21 29 34 11 9 5 54 53 30 23 12 3 46 38 44 43 22 52 50 31 51 61 47 0 60 25 62 39 42 19 17 59 33 58 57 24 15 16 32 63 1 14 6 40 10 7 49 41 4 8 55 48 56 2
37 29 19 45 54 34 30 20 11 63 44 3 41 21 12 39 22 13 4 53 10 2 1 48 18 14 52 60 43 50 31 5 33 9 62 61 6 25 38 15 51 46 26 58 47 42 16 32 59 0 24 49 40 17 8 55 56 7 57 23
19 18 17 9 44 16 26 53 52 29 37 38 46 39 25 60 30 32 45 34 43 31 47 20 0 50 10 54 23 1 33 42 13 41 40 12 61 22 5 49 2 59 21 14 15 3 58 55 24 57 62 6 63 4 51 48 11 7 8 56
26 18 10 20 21 25 37 22 32 2 14 44 23 7 5 30 42 19 11 24 16 4 38 45 33 39 34 49 56 12 51 50 1 40 46 53 13 6 15 58 47 29 41 31 48 9 57 0 3 54 43 52 8 55 60 59 62 61 63 17
19 18 26 20 29 22 30 37 10 34 42 21 44 52 45 33 51 2 32 41 17 25 23 11 59 54 50 31 3 58 63 4 43 8 13 1 39 12 9 16 57 6 38 5 0 14 15 49 24 53 56 7 62 55 46 48 40 47 60 61
44 29 19 43 37 26 51 11 10 9 3 59 21 30 46 20 23 18 38 31 17 14 1 13 39 45 42 8 16 33 12 47 49 0 6 34 32 4 55 25 7 5 53 50 24 22 52 60 15 62 58 54 41 57 56 2 48 40 61 63
19 34 41 20 13 26 33 12 29 48 37 45 43 14 49 40 18 50 53 38 57 54 22 58 42 17 63 61 46 21 6 25 10 39 8 5 24 7 59 15 51 32 23 52 30 47 62 11 9 16 56 44 60 55 4 3 2 31 1 0
26 20 29 18 12 30 34 11 31 38 37 45 44 42 9 43 21 13 54 52 53 0 39 47 22 14 50 51 33 32 60 55 15 58 49 48 56 40 3 41 7 4 57 23 19 5 6 2 63 10 17 25 8 46 59 1 62 61 24 16
19 18 26 20 45 25 21 29 37 54 43 44 24 22 46 51 13 17 58 14 10 8 50 38 16 57 56 1 11 2 23 53 4 59 5 7 61 32 15 62 39 31 9 3 63 33 34 55 60 6 41 49 0 47 48 42 12 30 52 40
44 45 26 18 19 52 37 17 43 29 20 12 11 42 46 2 4 38 47 39 33 34 60 22 8 16 10 3 50 0 9 13 21 14 5 51 15 6 59 31 53 57 49 23 30 32 41 25 1 24 7 48 40 61 56 58 62 55 63 54
44 43 34 41 42 29 22 30 33 14 21 12 18 49 50 45 48 32 7 19 26 37 25 24 5 9 53 20 39 6 11 46 10 57 40 62 15 23 31 4 52 56 60 59 16 54 13 51 0 61 63 38 55 17 3 2 58 1 47 8
37 45 26 20 54 44 21 38 43 19 39 46 18 34 41 33 42 62 32 40 55 25 53 24 50 52 16 30 47 13 22 61 63 10 59 49 1 29 60 51 4 31 17 12 14 8 58 9 48 6 7 56 5 57 0 3 11 15 2 23
44 29 18 43 37 46 38 30 20 11 4 2 13 19 23 12 50 53 45 51 10 9 59 22 21 42 33 41 39 25 52 54 26 14 1 34 31 6 0 58 16 24 49 57 55 62 61 60 5 15 63 3 32 17 48 8 47 56 7 40
37 43 18 29 21 19 26 17 50 14 11 46 16 44 45 42 54 57 38 39 34 8 13 3 20 63 15 12 0 25 24 33 9 47 10 6 40 7 58 1 52 4 56 61 22 30 23 32 60 49 31 53 5 59 2 48 55 41 51 62
19 20 45 18 21 44 43 22 14 37 9 34 30 38 12 0 25 13 6 33 11 52 61 23 39 42 54 5 7 26 4 10 1 63 49 51 53 16 50 46 17 60 29 31 47 58 41 15 62 8 2 24 59 56 48 40 3 57 32 55
19 18 26 34 9 10 33 17 1 32 24 12 40 2 45 29 37 16 5 38 31 11 25 20 21 39 46 55 8 53 3 22 4 23 47 13 15 7 42 41 49 30 61 48 56 14 44 60 62 63 50 0 43 6 54 52 51 59 58 57
44 45 19 52 54 38 53 20 51 42 21 59 49 18 26 43 50 61 10 12 3 48 62 9 29 22 30 47 58 2 60 11 1 13 17 41 5 4 37 14 15 8 55 31 34 25 6 57 40 63 33 32 23 46 16 56 39 7 24 0
26 20 29 38 45 25 31 42 11 13 34 43 18 47 33 24 32 52 49 19 30 44 46 40 17 51 6 54 62 8 58 22 9 4 50 21 61 16 10 39 23 57 41 56 37 3 1 63 53 2 55 12 5 60 59 14 48 15 0 7
19 18 44 11 3 45 26 20 37 2 53 46 12 34 29 21 30 13 42 50 5 31 47 43 9 61 51 60 10 39 25 14 58 52 15 6 22 16 33 57 17 7 0 24 55 1 49 41 56 23 59 48 8 63 54 38 32 62 40 4
37 43 26 21 29 17 34 42 41 25 51 30 33 52 23 59 44 24 19 45 50 58 46 31 39 49 14 11 57 12 53 60 3 47 22 10 8 13 9 61 32 5 56 1 62 48 16 15 2 38 40 18 20 0 7 54 55 63 4 6
26 18 37 43 42 34 50 51 44 45 19 11 46 54 58 29 10 41 63 47 38 9 49 59 1 20 3 39 33 12 13 53 2 48 52 62 4 14 40 32 61 17 5 21 31 57 15 30 8 6 56 60 25 16 24 7 22 55 23 0
19 34 43 18 17 52 37 11 4 46 33 42 61 26 12 44 55 60 25 21 53 3 10 20 13 50 45 24 9 2 30 39 49 14 40 0 58 56 29 54 47 22 31 5 51 32 7 38 59 57 48 62 1 41 8 6 15 23 16 63
19 34 44 11 33 37 3 51 52 10 17 60 45 26 59 58 29 53 20 8 24 32 40 46 55 18 62 4 12 39 42 50 5 21 25 16 30 13 41 48 22 1 38 43 61 23 15 63 31 7 14 47 57 56 9 49 54 0 2 6
19 34 43 20 29 42 37 52 33 45 51 32 11 60 41 38 61 59 39 25 17 40 58 13 50 3 18 9 10 31 8 1 44 2 49 21 16 24 14 22 0 15 12 26 6 57 47 55 48 4 46 62 7 54 53 30 5 56 23 63
37 29 18 26 19 43 21 38 51 30 22 11 25 13 39 32 24 47 20 44 23 33 17 31 42 58 40 8 10 12 60 41 3 9 5 4 16 2 45 48 34 46 53 59 55 54 52 6 61 62 0 14 49 50 56 1 63 7 15 57
26 18 37 29 19 43 30 38 45 54 17 21 12 31 51 3 5 59 44 9 63 34 0 8 41 52 50 32 42 10 22 15 40 53 39 33 16 55 49 56 57 46 47 48 2 1 11 20 60 13 62 61 4 58 6 25 14 23 7 24
26 20 45 34 33 54 29 41 42 30 13 11 63 43 52 6 21 32 44 25 37 60 19 14 3 51 22 15 7 38 24 12 23 2 40 17 49 4 59 58 53 61 10 5 16 57 31 50 48 8 39 62 56 47 1 55 46 9 18 0
44 43 18 19 26 29 20 34 38 17 25 13 21 45 9 30 6 46 52 42 31 16 54 10 53 8 0 11 33 41 49 63 62 59 4 32 2 48 51 57 24 40 56 3 12 5 37 50 58 47 60 1 39 7 55 22 15 23 14 61
44 45 26 34 43 18 29 42 9 30 54 10 33 46 19 24 17 63 53 52 50 0 1 51 49 58 55 47 22 59 40 16 25 57 38 37 21 48 39 8 61 13 20 3 11 23 60 4 15 31 5 7 2 14 56 41 32 12 6 62
26 18 10 43 45 17 16 19 50 51 25 49 42 21 11 8 0 2 29 37 13 33 9 4 12 54 20 1 40 34 53 24 59 44 58 5 32 3 52 22 30 39 57 60 55 46 14 38 31 23 6 48 56 41 62 7 15 61 47 63
37 29 21 43 26 22 45 19 42 13 12 11 10 49 18 25 14 53 54 63 32 4 51 7 15 2 46 44 61 5 33 3 1 17 52 38 55 40 50 60 39 24 56 58 8 47 59 30 48 62 6 20 9 57 41 0 31 34 16 23
26 34 44 20 33 43 18 25 51 37 32 19 21 10 11 14 45 42 22 59 38 40 41 49 9 52 50 2 48 56 60 58 7 13 57 31 23 46 47 55 30 6 39 54 62 53 63 61 29 3 17 1 5 12 8 16 0 24 4 15
37 29 18 45 21 19 54 17 38 63 11 20 13 14 16 26 15 47 34 5 53 23 39 10 7 46 12 60 1 2 61 6 31 4 3 22 30 44 43 41 62 55 42 52 40 8 33 24 51 50 58 9 59 32 0 25 48 56 49 57
44 43 18 29 51 52 37 50 45 26 21 54 57 9 46 49 60 30 22 34 25 15 0 42 23 31 63 12 53 13 41 33 59 56 5 20 11 6 39 16 48 38 14 2 19 47 17 61 3 8 62 7 24 55 10 58 1 4 32 40
19 34 43 50 37 38 44 51 46 21 52 61 39 10 57 26 53 55 25 24 16 33 41 42 30 49 29 58 13 62 11 59 1 3 40 18 12 4 45 32 9 14 17 8 47 20 2 31 23 15 6 0 7 5 54 56 22 60 63 48
44 43 42 51 18 37 59 20 13 50 53 41 29 9 40 6 11 58 25 22 0 60 19 33 30 26 45 3 34 21 15 52 61 62 57 49 12 32 4 48 54 14 2 17 8 23 10 7 16 56 46 47 31 39 38 1 55 5 24 63
19 34 43 18 29 52 9 20 50 45 26 0 10 38 44 37 22 53 42 11 47 41 33 57 48 31 54 24 40 63 62 25 2 13 49 3 30 46 39 55 14 6 17 32 1 56 4 16 15 21 58 51 61 59 12 5 60 7 8 23
44 29 22 42 18 52 45 19 43 34 20 46 49 30 21 11 39 9 33 26 61 14 25 40 54 24 32 60 12 50 16 4 58 23 47 8 13 57 17 31 15 6 38 56 1 63 2 62 5 41 51 3 37 0 10 53 55 59 48 7
19 18 44 43 50 51 34 25 58 20 42 45 26 57 10 2 37 46 29 59 13 6 47 52 49 55 53 39 30 38 60 56 21 12 5 61 3 22 7 62 17 16 23 31 1 4 63 0 41 40 24 11 15 9 33 8 32 48 54 14
37 45 26 18 44 29 54 34 30 52 21 14 33 53 10 31 38 17 23 55 12 47 63 43 51 15 19 9 46 39 8 59 7 11 20 22 61 60 4 1 50 5 58 13 3 2 6 0 42 32 24 40 41 49 48 62 25 56 57 16
37 45 53 38 46 20 19 54 63 62 13 60 39 30 21 29 44 26 47 31 23 43 33 12 11 14 42 50 61 25 7 3 34 40 10 4 58 52 5 2 1 49 48 22 32 57 51 41 24 9 15 6 16 59 56 18 17 55 8 0
19 18 26 34 25 16 45 37 46 54 43 20 62 52 29 21 30 22 12 55 10 11 53 33 42 51 32 31 38 14 39 24 40 13 59 44 3 48 50 9 1 58 23 60 15 61 49 5 8 63 56 41 4 0 57 7 17 2 6 47
19 18 44 45 37 11 3 29 25 51 46 26 20 2 30 9 33 4 53 54 12 32 43 13 58 59 21 38 39 31 62 47 17 22 23 63 5 15 55 24 1 16 34 14 8 0 50 40 41 61 10 6 52 48 7 42 49 57 56 60
44 43 34 45 52 51 42 59 58 20 19 10 13 50 54 46 57 26 53 56 18 37 39 41 1 60 61 55 38 12 49 33 62 30 22 23 40 25 16 29 24 32 48 6 5 11 4 15 14 31 2 3 9 63 17 8 7 21 47 0
19 34 42 18 37 45 17 11 53 43 33 54 3 29 30 32 26 52 40 10 50 25 38 9 20 4 2 31 44 48 5 41 51 58 49 12 47 13 57 56 8 16 61 0 24 59 46 62 63 21 1 6 55 39 23 22 15 14 7 60
26 20 13 12 11 42 29 4 44 34 43 37 50 22 15 30 31 17 25 2 46 51 9 8 60 24 52 38 33 53 18 41 49 23 45 55 39 48 21 54 59 7 5 32 63 10 3 14 19 61 56 47 16 57 0 58 6 1 40 62
37 45 19 34 43 52 51 50 44 30 53 54 63 11 62 55 46 47 10 1 57 49 33 29 61 26 48 40 32 42 18 25 4 58 38 39 60 9 0 16 59 20 41 8 23 2 17 21 12 56 31 3 5 6 14 22 13 15 24 7
19 34 42 18 17 43 51 50 44 45 53 20 12 29 46 13 21 4 33 59 52 14 6 38 60 22 58 32 15 9 26 31 37 57 24 11 0 49 39 54 3 41 61 30 63 25 55 8 23 1 56 16 10 47 2 7 48 40 5 62
44 43 26 45 53 18 10 9 46 25 17 52 1 47 19 0 51 60 29 34 42 33 50 41 8 16 54 61 59 22 37 11 32 24 62 49 63 40 15 2 20 38 31 21 13 5 4 23 30 55 12 6 58 3 39 57 56 14 48 7
26 34 44 18 41 45 20 53 25 42 43 24 54 40 49 12 10 56 51 55 61 11 47 50 58 9 52 17 4 62 63 21 8 0 1 13 33 46 57 32 29 59 37 38 16 19 22 30 31 2 3 39 48 14 7 60 23 5 6 15
44 45 19 34 54 21 26 25 33 42 37 32 40 17 18 10 41 50 48 56 14 49 24 12 2 16 20 30 22 13 4 6 8 38 31 1 29 15 23 46 47 52 59 3 58 53 51 11 57 0 43 62 5 61 60 7 9 39 63 55
44 43 42 29 22 52 53 15 60 34 20 13 19 61 50 58 62 21 41 26 59 63 23 45 5 48 7 14 38 18 11 12 32 10 6 30 33 46 49 25 39 56 2 3 24 40 4 57 54 47 37 16 55 9 17 8 0 1 51 31
26 20 13 18 44 34 17 45 42 16 8 43 24 12 21 29 3 22 51 49 52 11 31 33 30 37 46 60 10 14 61 9 15 0 58 32 56 23 40 48 25 5 6 39 38 54 63 62 1 47 4 53 55 7 19 59 50 2 41 57
37 29 19 43 45 11 18 21 10 25 3 53 22 23 38 4 13 14 5 1 34 12 7 30 54 6 9 17 20 44 42 49 2 52 56 39 60 61 46 41 26 63 8 57 59 58 51 16 50 55 47 0 24 33 62 15 48 31 40 32
19 18 17 34 43 52 37 29 33 38 39 26 20 22 45 53 46 11 13 4 6 32 51 59 54 55 41 25 44 9 40 30 10 48 31 2 63 12 50 23 0 8 49 57 24 21 15 58 1 42 3 47 56 7 16 61 62 60 5 14
37 43 26 38 45 19 50 17 31 54 52 53 29 39 25 33 34 21 46 18 16 32 62 59 24 20 40 23 30 44 61 42 8 51 22 63 58 9 1 13 14 0 55 11 49 60 3 47 6 10 41 48 12 57 2 15 7 5 4 56
44 29 20 43 26 45 53 18 38 25 37 22 19 21 9 11 24 39 10 61 30 42 14 32 51 60 40 1 58 50 46 34 13 15 31 6 57 47 17 59 49 56 2 0 62 48 12 63 41 4 55 23 16 7 33 5 52 3 54 8
37 45 44 29 46 53 30 47 62 43 21 60 26 38 42 34 41 52 39 18 61 25 20 12 10 14 59 40 55 23 48 17 19 22 4 11 6 33 8 2 1 51 16 5 24 3 7 50 31 0 49 15 32 63 13 9 54 57 56 58
44 29 19 10 21 43 30 53 1 11 26 37 12 18 25 24 50 45 61 54 55 46 33 14 38 4 13 5 17 62 52 31 39 3 16 22 9 40 63 60 41 20 32 8 34 48 47 42 51 59 2 0 23 15 6 7 57 58 49 56
26 20 13 18 37 34 17 46 9 25 19 42 50 49 29 11 24 33 10 32 44 12 40 52 38 0 54 2 4 8 41 47 57 14 21 30 22 45 3 5 7 15 55 48 56 39 43 62 53 1 23 51 61 59 6 31 60 16 63 58
37 29 22 44 51 15 21 38 30 31 39 42 49 20 13 47 34 19 12 4 23 14 6 5 7 26 55 33 11 53 25 16 10 18 17 1 24 50 3 52 62 56 58 9 43 54 60 59 40 41 0 48 8 2 61 32 57 63 46 45
19 18 44 29 22 30 21 20 12 15 11 43 25 45 39 17 38 3 54 33 9 1 0 42 23 14 34 46 32 24 37 26 50 51 2 58 8 16 10 63 6 31 41 7 13 40 49 56 4 5 57 47 53 60 55 59 62 52 48 61
19 20 37 34 33 18 12 45 10 21 11 3 44 26 9 43 52 51 13 30 22 5 39 23 31 29 50 2 46 55 53 42 41 62 4 8 60 59 25 54 6 7 14 24 17 58 61 49 0 15 57 40 47 48 32 56 1 38 63 16
44 43 26 29 51 34 42 25 37 41 18 50 45 19 16 59 12 10 17 46 9 0 30 33 49 20 58 21 60 31 40 56 22 24 53 14 57 54 1 11 7 32 47 3 38 2 61 13 5 62 23 8 55 52 39 15 4 63 6 48
26 18 37 34 25 20 9 38 46 16 13 19 39 17 41 33 42 2 10 50 32 55 21 12 53 14 5 11 45 40 7 43 24 54 58 49 62 15 56 44 23 52 3 8 4 47 1 0 29 22 48 57 6 31 63 51 30 59 60 61
44 29 20 43 26 19 10 13 21 52 60 45 42 12 5 17 33 3 37 18 46 50 2 30 34 14 6 25 11 40 15 38 24 51 58 47 22 59 53 4 31 1 54 23 0 61 41 49 62 9 32 55 16 48 63 39 56 57 8 7
26 34 44 37 43 19 25 33 45 16 30 38 20 51 10 22 50 1 31 21 13 12 11 49 39 3 40 52 18 17 41 48 57 14 61 60 4 6 53 42 2 29 24 47 56 32 9 62 15 23 55 5 46 54 7 0 58 8 59 63
37 43 18 38 44 21 20 51 39 30 34 33 59 13 22 42 32 24 16 58 60 49 52 46 26 61 53 25 12 54 50 31 62 29 23 55 5 9 17 11 0 14 57 8 10 41 3 45 15 2 47 7 4 40 48 56 19 1 6 63
44 45 46 52 43 20 60 50 37 54 21 34 38 14 25 33 63 17 29 61 11 19 42 59 18 30 58 62 41 4 13 22 32 57 10 3 39 26 1 2 56 53 23 47 31 0 5 24 51 15 55 7 8 16 40 6 9 48 12 49
37 45 19 29 54 53 22 18 17 21 20 12 46 15 4 63 23 47 55 34 52 11 33 44 38 26 7 8 16 5 6 10 9 24 30 31 51 61 62 39 13 59 42 43 50 2 1 14 25 49 56 0 3 57 58 40 41 48 60 32
37 45 44 29 38 31 39 43 20 12 51 46 53 59 19 26 42 52 4 21 11 33 23 54 61 5 47 22 18 3 10 55 58 17 30 60 13 62 16 6 40 8 25 57 34 9 1 2 63 32 7 14 15 41 50 0 56 48 24 49
44 45 26 52 54 46 38 20 59 17 25 63 9 34 62 60 53 24 37 55 29 58 21 13 12 1 30 19 5 31 8 11 47 43 39 61 42 4 18 51 50 22 33 41 57 56 3 49 32 14 10 0 40 16 23 15 6 7 48 2
19 34 42 20 33 41 37 43 50 38 51 11 40 58 44 59 13 29 60 61 3 18 46 32 25 9 48 4 5 56 26 49 12 30 39 16 22 17 10 21 53 31 0 1 14 6 2 55 57 52 7 8 54 45 15 63 24 23 47 62
26 18 10 29 30 34 41 17 25 20 13 9 43 37 11 12 2 33 45 19 24 16 44 3 42 54 1 8 46 50 52 32 4 51 40 22 59 53 15 58 61 60 63 55 38 39 62 23 0 49 57 56 48 14 5 7 21 6 31 47
19 20 29 18 10 38 12 21 30 31 11 4 13 2 37 46 3 14 22 45 7 6 55 54 1 0 53 62 39 26 44 43 17 16 5 47 51 25 15 63 9 42 52 34 33 24 32 58 60 61 8 41 50 48 40 49 57 23 56 59
19 20 37 34 12 45 44 38 41 51 39 26 18 21 52 53 62 17 9 31 23 1 13 61 54 47 14 63 10 3 16 42 33 32 46 30 58 29 50 24 40 11 4 22 25 5 6 55 0 2 8 43 59 15 7 49 60 57 48 56
37 45 53 43 18 19 42 17 50 46 38 44 29 61 9 31 47 39 21 55 20 1 54 10 52 34 26 41 40 49 8 60 62 11 59 25 3 63 0 13 14 48 32 58 16 2 30 4 5 24 33 7 22 6 51 12 56 57 15 23
26 20 37 34 33 41 49 45 42 32 24 56 43 51 13 18 60 29 19 10 54 12 22 6 2 31 11 25 16 1 15 50 4 3 21 8 9 23 39 30 0 14 7 52 59 61 44 46 38 53 40 55 63 47 62 17 48 58 57 5
26 18 19 20 12 42 17 25 44 13 49 29 33 9 1 4 37 24 22 52 43 51 53 34 60 31 50 61 40 45 11 41 6 30 62 48 23 16 57 54 56 15 5 46 47 0 14 39 58 2 3 10 7 55 21 38 63 32 8 59
26 18 37 29 9 45 38 31 30 20 22 14 39 21 52 59 54 43 23 34 46 62 12 0 7 11 13 44 51 50 42 4 47 53 57 15 58 49 10 25 56 2 33 55 3 6 60 61 19 17 32 5 63 40 48 16 41 24 1 8
19 20 13 12 11 10 37 43 29 38 18 26 17 14 6 30 47 25 22 31 2 46 55 9 5 21 34 3 51 59 42 54 0 45 52 4 61 41 8 33 53 24 23 39 16 15 40 1 44 49 50 63 32 57 56 48 62 60 58 7
19 18 37 20 9 17 13 21 25 45 54 42 29 22 43 34 33 0 49 32 11 38 1 63 14 52 44 7 23 10 24 50 46 51 59 48 40 61 39 2 41 47 31 15 56 6 26 30 3 58 55 16 5 4 60 57 53 62 12 8
44 43 18 37 26 20 51 42 29 58 46 21 11 25 32 12 45 54 62 38 41 47 22 24 14 13 39 61 63 23 5 50 16 40 4 7 60 3 34 31 48 33 52 17 19 53 59 55 30 10 49 56 15 8 2 1 9 0 6 57
44 45 37 29 54 51 20 43 26 17 52 11 50 60 13 53 2 34 30 31 33 63 62 42 18 49 48 12 4 25 9 40 55 56 38 10 23 47 24 61 39 59 58 0 21 15 41 3 1 46 22 57 19 5 6 32 14 8 16 7
26 18 37 29 10 9 0 42 44 46 20 51 49 12 60 17 34 19 55 3 2 41 8 50 4 58 53 43 45 25 32 5 40 11 30 1 33 38 6 31 47 16 23 52 13 57 56 22 14 39 54 21 24 63 61 48 62 15 59 7
26 20 29 34 44 37 46 52 33 45 13 22 60 18 31 47 21 5 10 12 43 23 11 42 51 41 53 38 4 17 40 9 19 2 0 58 30 3 54 62 16 25 61 48 59 55 63 8 1 32 57 24 6 50 15 39 56 14 49 7
37 29 18 46 38 47 39 42 20 11 30 34 55 22 15 21 23 14 5 7 26 31 41 45 13 10 54 19 6 44 1 63 17 16 2 48 51 4 49 56 53 9 8 43 52 60 50 57 62 24 40 12 0 33 32 61 59 58 25 3
37 43 26 29 45 21 50 17 20 51 13 57 42 33 8 14 59 5 19 12 10 44 25 30 24 18 22 11 23 38 3 2 49 16 1 52 15 41 39 60 48 56 53 54 61 4 9 34 55 46 6 63 32 58 47 0 62 40 7 31
44 43 26 29 42 50 51 20 37 45 21 34 19 25 38 60 18 46 57 49 41 48 47 55 56 10 2 22 13 30 58 6 59 12 14 52 40 33 23 1 31 32 4 61 63 54 0 7 11 17 62 5 53 3 8 24 9 16 15 39
19 20 45 44 43 42 29 11 2 53 41 12 13 54 21 22 31 50 37 46 58 38 18 3 47 17 16 5 6 10 60 24 4 51 62 40 59 15 30 26 25 8 23 39 7 14 33 52 32 34 9 1 61 48 49 63 55 0 56 57
44 29 20 11 19 34 30 31 37 38 42 51 39 45 53 61 3 33 62 10 12 21 60 52 43 13 23 59 49 50 5 63 1 22 14 18 9 7 41 26 58 46 24 25 54 48 16 56 40 8 2 4 15 6 47 55 57 17 0 32
44 43 34 41 42 29 19 49 26 37 20 53 46 30 45 13 12 39 6 25 23 31 40 54 33 51 18 32 57 56 24 9 60 15 62 50 48 16 17 10 2 3 22 11 63 5 21 59 52 14 0 38 8 7 58 61 4 55 47 1
37 43 42 41 26 29 45 19 49 33 24 53 40 34 10 56 38 31 22 11 3 13 17 20 30 21 58 2 23 15 52 48 61 59 18 14 60 46 4 39 7 9 55 50 47 44 5 62 8 32 54 16 57 51 25 6 63 0 12 1
37 29 20 11 26 34 30 38 42 25 13 50 47 6 24 19 33 41 12 21 46 17 44 31 10 52 49 16 23 43 8 57 45 5 39 53 58 1 60 51 14 62 3 22 56 54 15 7 48 40 63 4 55 2 61 59 32 18 9
26 18 44 29 22 52 37 17 34 46 25 32 8 45 53 9 51 30 47 55 23 61 19 31 24 13 10 1 62 59 54 50 39 16 49 63 4 43 33 57 11 14 40 3 38 41 15 42 58 60 2 56 0 21 20 12 5 6 48 7
26 20 21 18 44 29 12 43 30 53 42 34 52 49 33 41 25 13 50 14 48 17 10 39 9 24 15 37 19 0 46 58 22 40 8 61 23 7 62 1 6 60 59 63 32 4 3 16 56 57 55 31 2 51 11 5 38 47 45 54
37 29 22 45 53 38 18 30 31 34 43 19 11 61 46 52 41 39 50 10 54 55 9 26 44 33 62 51 60 23 32 0 25 3 20 12 5 1 21 49 58 17 24 59 2 63 14 4 40 48 57 7 6 47 13 15 16 42 56 8
37 29 22 30 38 43 20 46 26 39 50 17 42 34 41 14 31 21 45 57 58 49 51 54 47 60 40 59 44 56 62 53 25 19 13 5 52 48 12 33 18 55 16 10 7 8 63 24 61 6 11 2 1 9 23 0 32 15 4 3
